414.5
787.5
1099.5
1254.5
1440.0
1473.5
2004.5
2009.0
2291.0
2691.0
2502.0
3996.5
5366.5
6370.5
6929.5
7575.5
8043.5
8400.5
10309.5
9137.0
10154.0
11471.0
14370.5
13194.0
14016.0
14398.5
14866.5
15594.0
15951.0
18471.5
17214.0
18453.0
18892.5
19521.0
20308.5
21035.0
22380.0
22866.5
23446.5
23703.5
23850.5
24281.5
24767.0
24371.0
24911.5
25410.0
26282.5
26434.0
26970.0
26931.5
27302.0
27433.5
27939.5
28498.5
28891.0
29289.5
29292.5
30229.5
29961.5
30205.5
30446.0
31299.5
31240.5
32158.0
31891.0
33148.0
33843.5
33993.5
34107.0
34540.0
35914.0
35387.5
36776.0
36913.5
37507.5
37526.0
37653.0
37931.0
38535.0
38300.0
38521.5
38761.5
39499.0
39858.5
40044.0
40093.0
40345.5
40607.5
41311.0
41817.0
42095.0
42498.0
42831.0
42841.5
43476.5
43867.5
43927.0
44094.0
44519.0
44862.0
45074.0
45165.0
45923.0
46560.5
46573.5
47141.5
47731.0
47899.0
48083.0
48976.5
48639.5
50209.0
50123.0
50447.5
50785.5
51739.0
52273.0
52610.5
53584.5
53056.5
54721.0
55118.0
55199.0
56053.0
55969.0
56952.0
57040.5
57306.0
57724.0
58236.0
59389.0
58921.5
58951.0
59380.0
59520.5
60070.0
61244.5
61828.5
61811.0
61937.0
64160.5
66195.5
66202.5
66874.0
66274.5
66474.0
66644.0
66720.0
67522.5
67640.0
68490.0
69207.5
69332.5
69409.5
69564.0
69669.0
70271.5
70806.5
71329.0
71354.0
71734.0
72290.5
72675.5
72925.5
74798.5
74992.0
74674.5
75879.0
76268.5
76706.0
76847.0
77085.0
77600.5
77958.0
78569.5
79777.5
79554.0
80051.0
80559.0
80927.0
81270.0
81504.0
81530.5
82334.5
82895.0
83645.5
84075.0
84403.5
84710.5
85080.5
85834.0
85778.5
86205.5
86526.0
87389.5
87124.5
88485.5
88787.0
89027.5
89501.0
90039.5
90078.5
90296.5
90476.0
91009.0
91037.5
91365.5
91629.0
93056.0
93739.0
94295.0
95570.5
97042.5
95093.0
95666.5
96840.5
97167.0
97328.0
99382.5
97634.0
101734.0
102011.0
102226.0
102385.0
102483.5
102511.0
102815.5
103235.0
103402.0
103564.0
103634.0
103896.5
104459.0
104375.5
104830.5
105121.0
105152.5
106068.0
107125.5
107370.5
107384.5
107698.5
108002.0
108334.0
108468.5
108619.5
109228.5
109424.5
110325.0
110744.5
111909.5
111189.5
111744.0
112030.0
112330.0
112661.0
113137.5
113104.0
113335.0
113481.5
113918.0
114789.5
115137.5
115341.0
115611.0
115940.0
116004.5
116258.5
116945.0
117418.0
117949.0
117868.5
118364.5
118406.0
118529.0
118623.0
119644.5
119266.5
121293.0
121948.5
122156.5
122639.5
123107.0
124002.5
125175.0
125345.0
125812.0
125893.5
126538.0
126445.5
127035.5
127542.0
128042.0
128251.0
128359.0
128567.0
128888.0
129392.0
130864.5
131885.5
132350.0
132554.0
132747.0
133487.5
133798.5
134049.5
134589.5
135351.0
135750.5
136212.5
136322.5
136554.5
137110.0
137108.5
137362.0
138171.0
137915.5
138127.5
138499.5
138846.0
139514.5
140517.0
140604.0
141267.5
142675.0
142255.0
143382.5
143960.5
144484.5
144233.0
145814.5
146169.5
146829.0
147487.5
147546.5
147884.0
147685.0
148703.5
148569.5
149054.5
149740.0
149582.0
150038.0
150712.5
151469.5
151969.5
152197.0
152672.5
152780.0
152911.0
153394.5
153570.0
153805.0
153932.0
154347.0
154810.0
154803.0
155042.0
155160.5
155306.0
155740.0
155697.5
156414.0
156811.0
157107.5
157187.5
157427.0
157915.0
159004.0
158627.5
159258.0
159699.5
159850.5
160291.5
160472.5
160812.0
160873.0
161798.5
161497.0
162859.5
163273.0
163738.5
164507.0
165582.0
166132.5
166296.5
167086.0
167197.5
168351.0
168171.5
168179.0
168736.5
169328.0
169706.0
169739.5
170155.5
170374.5
170483.0
171342.0
170969.0
171094.5
171281.0
172401.5
172482.0
172624.5
172829.5
173139.0
173473.0
173694.0
174174.0
174803.5
175149.5
175258.0
176108.5
176163.0
176667.5
177124.0
177428.0
177376.5
179465.5
179509.5
181064.0
181622.5
181475.5
183024.5
183176.0
183533.0
183888.0
184183.0
184147.5
184712.5
185005.5
185373.5
186116.5
186206.5
186264.5
187263.0
187858.0
187998.0
188122.0
188170.0
189200.0
188422.0
189536.5
190027.5
190622.5
190916.5
191133.0
191285.5
191629.0
191816.0
191940.5
192128.0
192759.0
193176.0
193277.5
193736.0
194241.0
194870.5
195666.5
196254.5
196727.5
197099.0
197978.0
198589.0
199041.0
199806.5
199824.0
200340.0
200872.0
201427.5
202065.0
202584.5
202595.5
203085.0
203988.5
203823.5
204540.0
204770.0
205069.0
205763.0
206419.5
206759.5
207181.5
207270.0
207551.0
207905.5
208351.5
209311.0
210811.5
211613.0
211988.5
212131.5
212216.0
212365.0
212378.0
212394.5
212410.5
212674.5
212776.0
212977.0
213289.0
213550.0
213758.0
214116.5
214155.5
214926.0
215691.0
216580.0
216501.5
216828.5
217389.5
217502.0
217858.5
218089.5
219054.5
219126.5
219572.5
219891.5
220204.5
220439.5
221652.0
221047.0
221232.5
221437.0
221919.0
222839.5
222856.5
223109.5
223379.5
223788.5
223992.0
224085.5
224689.0
225957.5
226426.0
227001.5
227275.5
227627.5
227778.0
228789.5
228535.5
229184.0
230192.0
230016.5
231142.0
231559.0
231649.5
231783.5
232289.0
232741.0
233067.5
233267.5
233632.5
234174.0
234630.0
234765.5
235577.5
235835.0
236546.0
237225.0
237353.5
237621.5
238231.5
239120.0
240069.5
240376.0
240663.0
240644.0
240599.5
241476.0
242183.5
242796.0
242931.0
243286.0
243977.0
243576.0
243914.0
244450.5
244575.5
244717.5
245109.5
246212.0
245319.0
246322.0
246477.5
246519.0
247925.0
248301.0
248643.0
248923.0
249407.5
249972.0
250090.0
250588.5
250581.5
250627.0
251118.0
251487.5
251812.0
251869.0
252043.0
252473.0
253096.5
253337.5
253560.0
254327.0
254968.5
255236.5
255504.5
255678.0
256041.5
256561.5
256825.5
257116.0
258974.0
258855.0
259456.0
261023.5
261401.0
261434.5
262413.0
262220.5
263786.5
263585.5
264160.0
264497.0
264588.0
264815.5
265010.0
265219.5
265663.5
265731.5
266891.0
266691.5
267667.5
268337.0
269030.0
269362.5
269338.0
270701.5
270472.5
271599.5
272241.5
273871.0
274275.0
275103.0
275625.5
275646.0
276113.0
276541.0
277002.5
277069.5
277669.0
278043.5
278338.0
278513.5
278844.5
279442.0
279313.5
279753.5
280280.5
280300.0
280767.5
280861.0
282385.5
281218.0
281488.5
282134.5
282627.0
283305.0
283604.0
284069.0
284668.0
285338.5
285367.5
285539.5
286143.5
286245.0
286531.0
286839.0
286970.0
287599.5
287386.5
288028.0
288096.0
288377.5
288833.5
289241.5
289482.5
289518.0
289794.0
290350.0
290624.0
291220.5
292389.5
291996.5
292751.0
293238.5
293316.5
294315.5
294017.0
294997.5
295736.5
296438.5
297009.5
297561.5
297621.5
297895.5
298001.5
298132.0
298919.0
299858.5
300012.5
300172.5
301073.0
300994.0
301696.0
302486.5
303220.5
303304.5
304762.5
304019.5
304240.5
304868.0
306136.0
306529.0
306825.0
306902.5
307161.0
307230.0
307658.5
307878.5
308454.5
308137.0
308284.5
308597.5
309711.5
310709.5
310937.0
311249.5
311735.5
312162.5
312577.5
312973.5
313279.5
313535.5
313613.0
313759.0
313774.0
314033.0
314037.5
314548.5
314761.5
314714.0
315488.0
315883.5
316289.0
316345.0
316697.0
316856.5
317214.5
317412.0
317965.5
319588.0
318805.0
319148.5
319251.5
320773.0
320983.5
321412.5
321885.0
322129.0
322150.0
323048.0
322873.0
324278.5
323918.0
323968.5
323969.0
324781.0
325413.0
326054.5
326112.5
326634.5
326897.0
327111.0
327562.0
327797.0
328095.0
328302.0
328423.5
328485.5
328802.5
328798.0
329095.5
329156.5
329150.5
329332.5
329366.0
329551.5
329706.5
330018.5
330391.5
