predict 114269
acutl 313522
32768
32769
32770
32771
32772
32773
32774
32775
32776
32777
32778
32779
32780
32781
32782
32783
32784
32785
32786
32787
32788
32789
32790
32791
32792
32793
32794
32795
227956
190171
227961
190172
227943
190173
227972
227973
112
113
114
115
116
117
118
119
120
121
122
123
124
125
126
127
128
129
130
131
132
133
134
135
136
137
138
139
140
141
142
143
144
145
146
147
148
149
150
151
152
153
154
155
156
157
158
159
160
161
162
163
164
165
166
167
168
169
170
171
172
173
174
175
176
177
178
179
180
181
182
183
184
185
186
187
188
189
190
191
192
193
194
195
196
197
198
199
200
201
202
203
204
205
206
207
208
209
210
211
212
213
214
215
216
217
218
219
220
221
222
223
224
225
226
227
228
229
230
231
232
233
234
235
236
237
238
239
240
241
242
243
244
245
246
247
248
249
250
251
252
253
254
255
256
257
258
259
260
261
262
263
264
265
266
267
268
269
270
271
272
273
274
275
276
277
278
279
327951
327952
327953
327954
327956
327957
327958
327959
327960
327961
295202
295203
295204
295205
295206
295207
295208
295209
295210
295211
295212
295213
295214
295215
295216
295217
295218
295219
295220
295221
295222
295223
295224
295225
295226
295227
295228
295229
295230
295231
295232
295233
295234
295235
295236
295237
295238
295239
295240
295241
295242
295243
295244
295245
295246
295247
295248
295249
295250
295251
295252
295253
190183
190184
139113
190185
197015
197016
197017
197018
197019
190186
164272
164273
164274
164275
164276
164277
164278
164279
164280
164281
164282
164283
164284
164285
164286
164287
164288
164289
164290
164291
164292
164293
164294
164295
164296
164297
164298
164299
164300
164301
164302
164303
164304
164305
164306
164307
164308
164309
164310
164311
164312
164313
164314
164315
164316
164317
164318
164319
164320
164321
164322
164323
164324
164325
164326
164327
164328
164329
164330
164331
164332
164333
164334
164335
164336
164337
164338
164339
164340
164341
164342
164343
164344
164345
164346
164347
164348
164349
164350
164351
164352
164353
164354
164355
164356
164357
164358
164359
164360
164361
139114
190190
190191
197178
197179
197180
197181
197182
197183
197184
197185
190192
197186
197187
197188
197189
197190
197191
197192
197193
197194
197195
197196
197197
197198
197199
197200
197201
197202
197203
197204
197205
197206
197207
197208
197209
190193
197210
197211
197212
197213
197214
197215
197216
197217
197218
197219
197220
197221
197222
197223
197224
197225
197226
190174
197227
197228
197229
197230
197231
197232
190194
139115
190195
190196
190197
227948
190198
33500
33501
33502
33503
33504
33505
33506
33507
33508
33509
33510
33511
33512
33513
33514
33515
33516
33517
33518
33519
33520
33521
33522
33523
33524
33525
33526
33527
33528
190199
139116
190200
190201
164652
164653
164654
164655
164656
164657
164658
164659
164660
164661
164662
164663
164664
164665
164666
164667
164668
164669
164670
164671
164672
164673
164674
164675
164676
164677
164678
164679
164680
164681
164682
164683
164684
164685
164686
164687
164688
164689
164690
164691
164692
164693
164694
164695
164696
164697
164698
164699
164700
164701
164702
164703
263008
263009
263010
263011
263012
263013
263014
263015
263016
263017
263018
263019
263020
263021
263022
263023
263024
263025
263026
263027
263028
263029
263030
263031
263032
263033
263034
263035
263036
263037
263038
263039
263040
263041
263042
164730
164731
164732
164733
164734
164735
164736
164737
164738
164739
164740
164741
164742
164743
164744
164745
164746
164747
164748
164749
164750
164751
164752
164753
164754
164755
164756
164757
164758
164759
164760
164761
164762
164763
164764
164765
164766
164767
164768
164769
164770
164771
164772
164773
164774
164775
164776
164777
164778
164779
164780
164781
164782
164783
164784
164785
164786
164787
164788
164789
164790
164791
164792
164793
164794
164795
164796
164797
164798
164799
32757
164801
164802
164803
164804
164805
164806
164807
164808
164809
164810
164811
164812
164813
164814
164815
164816
164817
164818
164819
164820
164821
164822
164823
164824
164825
164826
164827
164828
164829
164830
164831
164832
164833
164834
164835
164836
164837
164838
164839
164840
164841
164842
164843
164844
164845
164846
164847
164848
164849
164850
164851
164852
164853
71845
164855
164856
164857
164858
71846
164860
164861
164862
164863
164864
164865
164866
164867
164868
164869
164870
164871
164872
164873
164874
164875
164876
164877
164878
164879
164880
164881
164882
164883
164884
164885
164886
164887
164888
164889
164890
164891
164892
164893
164894
164895
164896
164897
164898
164899
164900
164901
164902
164903
164904
164905
164906
164907
164908
164909
164910
164911
227987
190178
244923
244924
244925
190179
244926
244927
296219
296220
296221
296222
296223
296224
296225
296226
296227
296228
296229
296230
296231
296232
296233
296234
296235
296236
296237
296238
296239
296240
244928
329015
329016
329017
329018
329019
329020
329021
329022
329023
329024
329025
329026
329027
329028
329029
329030
329031
329032
244929
139112
227997
244930
190180
227998
244931
190225
244932
190226
244933
244934
244935
190181
228003
244936
1539
1540
1541
1542
1543
1544
1545
1546
1547
1548
1549
1550
1551
1552
1553
329234
1554
329236
329237
329238
329239
329240
1555
1556
1557
1558
1559
1560
329247
329248
1561
329250
1562
1563
1564
1565
329255
1567
1568
1569
1570
1571
1572
1573
1574
1575
1576
1577
1578
1579
1580
1581
1582
1583
1584
1585
1586
1587
1588
1589
1590
1591
1592
1593
1594
1595
1596
1597
1598
1599
1600
1601
1602
1603
1604
1605
1606
1607
1608
1609
1610
1611
1612
1613
1614
1615
1616
1617
1618
1619
1620
1621
1622
1623
1624
1625
1626
1627
1628
1629
1630
1631
1632
1633
1634
1635
1636
1637
1638
1639
1640
1641
1642
1643
1644
1645
1646
1647
1648
1649
1650
1651
1652
1653
1654
1655
1656
1657
1658
1659
1660
1661
1662
1663
1664
1665
1666
1667
1668
1669
1670
1671
1672
1673
1674
1675
1676
1677
1678
1679
1680
1681
1682
1683
1684
1685
1686
1687
1688
1689
1690
1691
1692
1693
1694
1695
1696
1697
1698
1699
1700
1701
1702
1703
1704
1705
1706
1707
1708
1709
1710
1711
1712
1713
1714
1715
1716
1717
1718
1719
1720
1721
1722
1723
1724
1725
1726
1727
1728
1729
1730
1731
1732
1733
1734
1735
1736
1737
1738
1739
1740
1741
1742
1743
1744
1745
1746
1747
1748
1749
1750
1751
1752
1753
1754
1755
1756
1757
1758
1759
1760
1761
1762
1763
1764
1765
1766
1767
1768
1769
1770
1771
1772
1773
1774
1775
1776
1777
1778
1779
1780
1781
1782
1783
1784
1785
1786
1787
1788
1789
1790
1791
260873
260878
260883
260888
260893
260898
260903
260908
260914
234864
234865
234866
234867
260919
234868
234869
234870
234871
234872
260924
234873
234874
234875
234876
234877
260929
234878
260934
198723
198724
34889
34890
34891
34892
34893
34894
34895
34896
34897
34898
34899
34900
34901
34902
34903
34904
34905
34906
34907
34908
34909
34910
34911
34912
34913
34914
34915
34916
34917
34918
34919
34920
34921
34922
34923
34924
34925
34926
34927
34928
34929
34930
34931
34932
34933
34934
34935
34936
34937
34938
34939
34940
34941
34942
34943
34944
34945
34946
34947
34948
34949
34950
34951
34952
34953
34954
34955
166019
166020
166021
166022
166023
166024
166025
166026
166027
166028
166029
166030
166031
166032
166033
166034
166035
166036
166037
166038
166039
2217
2218
2219
2220
234912
234913
234914
234915
190187
234916
234917
234918
234919
234920
234921
234922
234923
234924
234925
234926
234927
234928
234929
234930
234931
234932
67891
67892
67893
67894
67895
67896
67897
67898
67899
67900
67901
67902
67903
67904
67905
67906
67907
67908
67909
67910
67911
67912
67913
67914
67915
67916
67917
67918
67919
67920
67921
67922
67923
67924
67925
67926
67927
67928
67929
67930
67931
67932
67933
67934
67935
67936
67937
67938
67939
67940
67941
67942
67943
67944
67945
67946
67947
67948
67949
67950
67951
297366
297367
297368
297369
297370
297371
297372
297373
297374
297375
297376
297377
297378
297379
297380
297381
297382
297383
297384
297385
297386
297387
297388
297389
297390
297391
297392
297393
297394
297395
297396
297397
297398
297399
297400
297401
297402
297403
297404
297405
297406
297407
297408
297409
297410
297411
297412
297413
297414
297415
297416
297417
297418
297419
297420
297421
297422
297423
297424
297425
297426
297427
297428
297429
297430
297431
297432
297433
297434
297435
190189
231950
231951
231924
166389
166390
166391
166392
166393
166394
166395
166396
166397
134262
166398
166399
166400
166401
166402
166403
166404
166405
166406
166407
166408
166409
166410
166411
166412
166413
166414
166415
166416
166417
166418
166419
166420
166421
166422
166423
166424
166425
166426
166427
166428
166429
166430
166431
166432
166433
166434
166435
166436
202432
202433
199357
199358
199359
199360
199361
199362
199363
199364
199365
199366
199367
199368
199369
199370
199371
199372
199373
199374
199375
199376
199377
199378
199379
199380
199381
199382
199383
199384
199385
199386
199387
199388
199389
297708
297709
297710
297711
297712
297713
297714
297715
297716
297717
297718
169907
169908
169909
169910
169911
169912
169913
169914
169915
169916
169917
265074
265075
265076
265077
265078
265079
265080
265081
265082
265083
265084
265085
265086
265087
265088
265089
265090
265091
265092
265093
265094
265095
265096
265097
265098
265099
265100
265101
265102
265103
265104
265105
265106
265107
265108
265109
265110
265111
265112
265113
265114
265115
265116
265117
265118
265119
265120
265121
265122
265123
265124
265125
265126
265127
265128
265129
265130
265131
265132
265133
265134
265135
215520
151213
215525
101332
101333
101334
101335
101336
101337
101338
101339
151214
215530
151215
151216
3094
3095
3096
3097
3098
3099
3100
3101
3102
3103
3104
3105
3106
3107
3108
3109
3110
3111
3112
3113
3114
3115
3116
3117
3118
3119
3120
3121
3122
3123
3124
3125
3126
3127
3128
3129
3130
3131
3132
3133
3134
3135
3136
3137
3138
3139
3140
3141
3142
3143
3144
3145
3146
3147
3148
3149
3150
3151
3152
3153
3154
3155
3156
3157
3158
3159
3160
3161
3162
3163
3164
3165
3166
3167
3168
3169
3170
3171
3172
3173
3174
3175
3176
3177
3178
3179
3180
3181
3182
3183
3184
3185
3186
3187
3188
3189
3190
3191
3192
3193
3194
3195
3196
3197
3198
3199
134263
134264
134265
134266
134267
134268
134269
134270
134271
134272
134273
134274
134275
134276
134277
134278
134279
134280
151221
151222
225186
232626
232627
232628
232629
232630
232631
232632
232633
232634
232635
232636
232637
232638
232639
232640
151223
232641
232642
232643
232644
232645
232646
232647
232648
232649
232650
232651
232652
232653
232654
232655
232656
232657
232658
232659
232660
232661
48324
232662
232663
151224
232664
232665
232666
232667
232668
232669
232670
232671
232672
232673
232674
232675
232676
232677
232678
232679
48325
151225
151226
151227
151228
69028
69029
69030
69031
69032
69033
69034
69035
69036
69037
69038
69039
69040
69041
69042
69043
69044
69045
69046
69047
69048
190175
204646
204647
204648
134898
134899
134900
134901
134902
134903
134904
134905
134906
134907
134908
134909
134910
134911
134912
134913
134914
134915
134916
134917
134918
134919
134920
134921
134922
134923
134924
134925
134926
134927
134928
134929
134930
134931
134932
134933
134934
134935
134936
134937
134938
134939
134940
134941
134942
134943
134944
134945
134946
134947
134948
134949
134950
134951
134952
134953
134954
134955
134956
134957
134958
134959
134960
134961
134962
134963
134964
134965
167735
167736
167737
167738
167739
167740
167741
167742
167743
167744
167745
167746
167747
167748
167749
167750
167751
167752
167753
167754
167755
167756
167757
167758
167759
167760
167761
167762
167763
167764
200524
200525
200526
200527
200528
200529
200530
200531
200532
200533
200534
200535
200536
200537
200538
200539
200540
200541
200542
200543
200544
200545
200546
200547
200548
200549
200550
200551
200552
200553
200554
200555
200556
200557
200558
200559
200560
200561
200562
200563
200564
200565
200566
200567
200568
200569
200570
200571
200572
200573
200574
200575
200576
200577
200578
200579
200580
200581
200582
200583
200584
200585
200586
200587
200588
200589
200590
200591
200592
200593
200594
200595
200596
200597
200598
200599
200600
200601
200602
200603
200604
200605
200606
200607
200608
200609
200610
200611
200612
200613
200614
200615
233391
233392
233393
233394
233395
233396
233397
233398
204657
204658
204659
204660
204661
204662
204663
36976
36977
36978
36979
36980
36981
36982
36983
36984
36985
36986
36987
36988
36989
36990
36991
36992
36993
36994
36995
36996
36997
36998
36999
37000
37001
37002
37003
37004
37005
37006
37007
37008
37009
37010
37011
37012
37013
37014
37015
37016
37017
37018
37019
37020
37021
37022
37023
37024
37025
37026
37027
37028
37029
37030
37031
37032
37033
37034
69805
69806
69807
69808
69809
69810
69811
69812
69813
69814
69815
69816
69817
69818
69819
69820
69821
69822
69823
69824
69825
69826
69827
69828
69829
69830
69831
69832
69833
69834
69835
69836
69837
69838
69839
69840
69841
69842
69843
69844
69845
69846
69847
69848
69849
69850
69851
69852
69853
69854
69855
69856
69857
69858
69859
69860
69861
69862
69863
69864
69865
69866
69867
69868
69869
69870
69871
69872
69873
69874
69875
69876
69877
69878
69879
69880
69881
69882
69883
69884
69885
69886
69887
69888
69889
69890
69891
69892
69893
69894
69895
69896
69897
69898
69899
69900
69901
69902
69903
69904
69905
69906
69907
69908
69909
69910
69911
69912
69913
69914
69915
69916
69917
69918
69919
69920
69921
69922
69923
69924
69925
69926
69927
69928
69929
69930
69931
69932
69933
69934
69935
69936
69937
69938
69939
69940
69941
69942
69943
69944
69945
69946
69947
69948
69949
69950
69951
69952
69953
69954
69955
69956
69957
69958
69959
307432
190176
238541
233866
233867
233868
233869
233870
233871
233872
227978
233873
233874
233875
233876
233877
233878
233879
233880
233881
233882
233883
233884
233885
233886
233887
233888
233889
233890
233891
233892
233893
233894
201128
201129
201130
201131
201132
201133
201134
201135
201136
201137
201138
201139
201140
201141
201142
201143
201144
201145
201146
201147
201148
201149
201150
201151
201152
201153
201154
201155
201156
201157
233917
233918
233919
233920
233921
233922
233923
233924
233925
233926
233927
233928
233929
233930
233931
233932
233933
233934
233935
233936
233937
233938
233939
233940
233941
233942
233943
233944
233945
233946
233947
233948
233949
233950
238545
307433
238546
238547
238548
238549
229669
4701
4702
4703
4704
4705
4706
4707
4708
4709
4710
4711
4712
4713
4714
4715
4716
4717
4718
4719
4720
4721
4722
4723
4724
4725
4726
4727
4728
4729
4730
4731
4732
4733
4734
4735
4736
4737
4738
4739
4740
4741
4742
4743
4744
4745
4746
4747
4748
4749
4750
4751
4752
4753
4754
4755
4756
4757
4758
4759
4760
4761
4762
4763
4764
4765
4766
4767
4768
4769
4770
4771
4772
4773
4774
4775
4776
4777
4778
4779
4780
4781
4782
4783
4784
4785
4786
4787
4788
4789
4790
4791
4792
4793
299706
299707
299708
299709
299710
299711
299712
299713
299714
299715
299716
299717
299718
299719
299720
299721
299722
299723
299724
299725
299726
299727
299728
299729
299730
299731
299732
299733
299734
299735
299736
299737
299738
299739
299740
299741
299742
299743
299744
299745
299746
299747
299748
299749
299750
299751
299752
299753
299754
299755
299756
4836
4837
4838
4839
4840
4841
4842
4843
4844
4845
4846
4847
4848
4849
4850
4851
4852
4853
4854
4855
4856
4857
4858
4859
4860
4861
4862
4863
4864
4865
4866
4867
4868
4869
4870
4871
4872
4873
4874
4875
4876
4877
4878
4879
4880
4881
4882
4883
4884
4885
4886
4887
4888
4889
4890
4891
4892
4893
4894
4895
4896
4897
4898
4899
4900
4901
4902
4903
4904
4905
4906
4907
4908
4909
4910
4911
4912
4913
4914
4915
4916
4917
4918
4919
4920
4921
4922
4923
4924
4925
4926
4927
4928
4929
4930
4931
4932
4933
4934
4935
4936
4937
4938
4939
4940
4941
4942
4943
4944
4945
4946
4947
4948
4949
4950
4951
4952
4953
4954
4955
4956
4957
4958
4959
4960
4961
4962
4963
4964
4965
4966
4967
4968
4969
4970
4971
4972
4973
4974
4975
4976
4977
4978
4979
4980
4981
4982
4983
4984
4985
4986
4987
4988
4989
4990
4991
4992
4993
4994
4995
4996
4997
248484
248487
234397
234398
234399
234400
248489
248494
248499
201697
168937
168938
168939
168940
168941
168942
168943
168944
168945
168946
168947
168948
168949
168950
168951
168952
168953
168954
168955
168956
168957
168958
168959
168960
168961
168962
168963
168964
168965
168966
168967
168968
168969
168970
168971
168972
168973
168974
168975
168976
168977
168978
168979
168980
168981
168982
168983
168984
168985
168986
168987
168988
168989
168990
168991
168992
168993
168994
168995
168996
168997
168998
168999
169000
169001
169002
169003
169004
169005
169006
169007
169008
169009
169010
169011
169012
169013
169014
169015
169016
169017
169018
169019
169020
169021
169022
169023
196432
238572
196437
238573
238574
238575
238576
238577
103722
103723
103724
103725
238578
300355
300356
300357
300358
300359
300360
300361
300362
300363
300364
300365
300366
300367
300368
300369
300370
300371
300372
300373
300374
300375
300376
300377
300378
300379
300380
300381
300382
300383
300384
300385
300386
300387
300388
300389
300390
300391
300392
300393
300394
300395
300396
300397
300398
300399
300400
300401
300402
300403
300404
300405
300406
300407
300408
300409
300410
300411
300412
300413
300414
300415
300416
300417
300418
300419
300420
300421
300422
300423
234879
234880
234881
234882
234883
234884
234885
234886
234887
234888
234889
234890
234891
234892
234893
234894
234895
234896
234897
234898
234899
234900
234901
234902
234903
234904
234905
234906
234907
234908
234909
234910
234911
136617
136618
136619
136620
136621
136622
136623
136624
136625
136626
136627
136628
136629
136630
136631
136632
136633
136634
136635
136636
136637
234933
234934
234935
234936
234937
234938
234939
234940
234941
234942
234943
234944
234945
234946
234947
234948
234949
234950
234951
234952
234953
234954
234955
234956
234957
234958
234959
234960
234961
234962
234963
234964
234965
234966
234967
234968
234969
234970
234971
234972
234973
234974
234975
234976
234977
234978
234979
234980
234981
234982
234983
234984
234985
234986
234987
234988
234989
234990
234991
234992
234993
234994
234995
234996
234997
234998
234999
235000
235001
235002
235003
235004
235005
235006
235007
235008
235009
235010
235011
235012
235013
235014
235015
235016
235017
235018
235019
235020
235021
235022
235023
235024
235025
235026
235027
235028
235029
235030
235031
235032
235033
235034
235035
235036
235037
235038
235039
235040
235041
235042
235043
235044
235045
235046
235047
235048
235049
235050
235051
235052
235053
235054
235055
235056
235057
235058
235059
235060
235061
235062
235063
235064
235065
235066
235067
235068
235069
235070
235071
235072
235073
235074
235075
235076
235077
235078
235079
235080
235081
235082
235083
235084
235085
235086
235087
235088
235089
235090
235091
235092
235093
235094
235095
235096
235097
235098
235099
235100
5735
5736
5737
5738
5739
5740
5741
5742
5743
5744
5745
5746
5747
5748
5749
5750
5751
5752
5753
5754
5755
5756
5757
5758
5759
5760
5761
5762
5763
5764
5765
5766
5767
104067
104068
104069
104070
104071
104072
104073
104074
104075
104076
104077
104078
104079
104080
104081
104082
104083
104084
104085
104086
104087
104088
104089
104090
104091
104092
104093
104094
104095
104096
104097
104098
104099
104100
104101
104102
104103
104104
104105
104106
104107
104108
104109
104110
104111
104112
104113
104114
104115
104116
104117
104118
104119
104120
104121
104122
104123
104124
104125
104126
104127
104128
104129
104130
104131
104132
104133
202434
202435
202436
202437
202438
202439
202440
202441
202442
202443
169845
169846
169847
169848
169849
169850
169851
169852
169853
169854
169855
169856
169857
169858
169859
169860
169861
169862
169863
169864
169865
169866
169867
169868
169869
169870
169871
169872
169873
169874
169875
169876
169877
169878
169879
169880
169881
169882
169883
169884
169885
169886
169887
169888
169889
169890
169891
169892
169893
169894
169895
169896
169897
169898
169899
169900
169901
169902
169903
169904
169905
169906
71603
71604
71605
71606
71607
71608
71609
71610
71611
71612
71613
71614
71615
71616
71617
71618
71619
71620
71621
71622
71623
71624
169920
169921
169922
169923
169924
169925
169926
169927
169928
169929
169930
169931
169932
169933
169934
169935
169936
169937
169938
169939
169940
169941
169942
169943
169944
169945
169946
169947
169948
169949
169950
169951
202725
202726
202727
202728
202729
202730
202731
202732
202733
202734
202735
202736
202737
202738
202739
202740
202741
202742
202743
202744
202745
202746
202747
202748
202749
202750
202751
202752
202753
202754
202755
202756
202757
202758
202759
202760
202761
202762
202763
202764
202765
202766
202767
202768
202769
202770
202771
202772
202773
202774
202775
202776
202777
202778
202779
202780
202781
202782
202783
202784
202785
202786
202787
202788
202789
202790
202791
202792
202793
202794
202795
202796
202797
202798
202799
202800
202801
222669
222670
222671
222672
222673
222674
222675
222676
222677
222678
222679
222682
39068
39069
39070
39071
39072
39073
39074
71843
39076
39077
71844
71847
71848
71849
71850
71851
71852
71853
71854
71855
71856
71857
71858
71859
71860
71861
71862
71863
71864
71865
71866
71867
71868
71869
71870
71871
71872
71873
71874
71875
71876
71877
71878
71879
105469
105470
105471
105472
105473
105474
105475
105476
222712
137582
137583
137584
137585
137586
137587
137588
137589
137590
137591
137592
137593
137594
137595
137596
137597
137598
137599
137600
137601
137602
137603
137604
137605
137606
137607
137608
137609
137610
137611
137612
137613
137614
137615
137616
137617
137618
137619
137620
137621
137622
137623
137624
137625
137626
137627
137628
137629
137630
137631
137632
137633
137634
137635
137636
137637
137638
137639
137640
137641
137642
137643
137644
137645
137646
137647
137648
137649
137650
137651
137652
137653
137654
137655
137656
137657
137658
137659
137660
137661
137662
137663
137664
137665
137666
137667
137668
137669
137670
137671
137672
137673
137674
137675
137676
137677
137678
137679
137680
137681
137682
137683
137684
137685
137686
137687
137688
137689
137690
137691
137692
137693
137694
137695
137696
137697
137698
137699
137700
137701
137702
137703
137704
137705
137706
137707
137708
137709
137710
137711
137712
137713
137714
137715
137716
137717
137718
137719
137720
137721
137722
137723
137724
137725
137726
137727
137728
137729
137730
137731
137732
137733
137734
137735
137736
137737
137738
137739
137740
137741
137742
137743
137744
137745
137746
137747
137748
137749
137750
137751
137752
137753
137754
137755
137756
137757
137758
190202
190203
307434
190204
236068
236069
236070
236071
190205
236072
236073
236074
236075
190206
236076
236077
236078
236079
190207
190208
190209
190210
190211
190212
190213
190214
190215
190216
190217
190218
190219
190220
190221
190222
190223
190224
268938
268939
268940
268941
268942
268943
268944
268945
268946
268947
268948
268949
268950
268951
268952
268953
268954
268955
268956
268957
268958
268959
190227
190228
190229
190230
190231
190232
301795
301796
301797
301798
301799
301800
301801
301802
301803
301804
301805
301806
301807
301808
301809
301810
301811
301812
301813
301814
301815
301816
301817
255392
255393
105431
105432
105433
105434
105435
105436
105437
105438
105439
105440
105441
105442
105443
105444
105445
105446
105447
105448
105449
105450
105451
105452
105453
105454
105455
105456
105457
105458
105459
105460
105461
105462
105463
105464
105465
105466
105467
105468
39933
39934
39935
39936
39937
39938
39939
39940
39941
39942
39943
39944
39945
39946
39947
39948
39949
105477
105478
105479
105480
105481
105482
105483
105484
105485
105486
105487
105488
105489
105490
105491
105492
105493
105494
105495
105496
105497
105498
105499
105500
105501
105502
105503
105504
105505
105506
105507
105508
151229
151230
151231
151232
143596
307430
40172
40173
40174
40175
40176
40177
40178
40179
40180
40181
40182
40183
40184
40185
40186
40187
40188
40189
244939
269683
269684
269685
269686
269687
269688
269689
269690
269691
269692
269693
269694
269695
269696
269697
269698
269699
269700
269701
269702
269703
269704
269705
269706
269707
269708
269709
269710
269711
269712
269713
269714
269715
269716
269717
269718
269719
269720
269721
269722
269723
269724
269725
269726
237012
237013
237014
237015
237016
237017
237018
237019
237020
237021
237022
237023
237024
237025
237026
237027
237028
237029
237030
237031
237032
237033
237034
237035
237036
237037
237038
237039
237040
237041
237042
237043
237044
237045
237046
237047
237048
237049
237050
237051
237052
237053
237054
237055
237056
237057
237058
237059
237060
237061
237062
237063
237064
237065
237066
237067
237068
237069
237070
237071
237072
237073
237074
237075
237076
237077
237078
237079
237080
237081
237082
237083
237084
237085
237086
237087
237088
237089
237090
237091
237092
237093
237094
237095
237096
237097
237098
237099
237100
237101
237102
237103
237104
237105
237106
237107
237108
237109
244937
240891
1566
244938
143595
40745
40746
40747
40748
40749
40750
40751
40752
40753
40754
40755
40756
40757
40758
40759
40760
40761
40762
40763
40764
40765
40766
40767
40768
40769
40770
40771
40772
40773
40774
40775
40776
40777
40778
40779
40780
40781
40782
40783
40784
40785
40786
40787
40788
40789
40790
40791
40792
40793
40794
40795
40796
40797
40798
40799
40800
40801
40802
40803
40804
40805
40806
40807
40808
40809
40810
40811
40812
40813
40814
40815
40816
40817
40818
40819
40820
40821
40822
40823
40824
40825
40826
40827
40828
40829
40830
40831
40832
40833
40834
40835
40836
40837
40838
40839
40840
40841
40842
40843
40844
40845
40846
40847
40848
40849
40850
40851
40852
40853
40854
40855
40856
40857
40858
40859
40860
40861
40862
229566
229567
229568
229569
229570
229571
229572
229573
229574
229575
229576
229577
229578
8190
8191
8192
8193
8194
8195
8196
8197
8198
8199
8200
8201
8202
8203
8204
8205
8206
8207
8208
8209
8210
8211
8212
8213
8214
8215
8216
8217
8218
8219
8220
8221
8222
8223
8224
8225
8226
8227
8228
8229
229586
190182
229587
229588
229589
229590
229591
229592
229593
229594
204876
204877
204878
204879
204880
204881
204882
204883
204884
204885
204886
204887
204888
204889
204890
204891
204892
204893
204894
204895
204896
204897
204898
204899
204900
204901
204902
204903
204904
204905
204906
204907
204908
204909
204910
204911
204912
204913
204914
204915
204916
204917
204918
204919
204920
229602
229603
229604
229605
106627
106628
106629
106630
106631
106632
106633
106634
106635
106636
106637
106638
106639
106640
106641
106642
106643
106644
106645
106646
106647
106648
106649
106650
106651
106652
106653
106654
106655
106656
106657
229610
229611
229612
229613
229614
172207
172208
172209
172210
172211
172212
172213
172214
172215
172216
172217
172218
172219
172220
172221
172222
172223
172224
164706
172225
172226
172227
172228
172229
172230
172231
172232
172233
172234
172235
172236
172237
172238
172239
172240
172241
172242
172243
172244
172245
172246
172247
172248
172249
172250
172251
172252
172253
172254
172255
172256
172257
172258
172259
172260
172261
172262
172263
172264
172265
172266
172267
172268
172269
172270
172271
172272
172273
172274
172275
172276
172277
172278
172279
172280
172281
172282
172283
172284
172285
172286
172287
229629
229630
229631
229581
229632
229633
81093
229623
229634
229635
229636
229582
229637
229638
81094
229639
229640
229641
229583
229642
164707
229643
229644
229645
229646
237906
237907
229584
229647
237908
237909
237910
229648
237911
303451
303452
303453
303454
303455
303456
303457
303458
303459
303460
303461
303462
303463
303464
303465
303466
303467
303468
303469
303470
303471
303472
303473
303474
303475
303476
303477
303478
303479
303480
303481
303482
303483
303484
303485
303486
303487
303488
303489
303490
303491
303492
303493
303494
303495
303496
303497
303498
303499
303500
303501
303502
303503
303504
303505
303506
303507
303508
303509
303510
303511
303512
303513
303514
303515
303516
303517
303518
303519
303520
303521
303522
303523
303524
303525
303526
303527
303528
303529
303530
303531
303532
303533
303534
303535
303536
303537
303538
303539
303540
303541
303542
303543
303544
303545
303546
303547
303548
303549
303550
303551
303552
303553
303554
303555
303556
303557
303558
303559
303560
303561
303562
303563
303564
303565
303566
303567
303568
303569
303570
303571
303572
303573
303574
303575
303576
303577
303578
303579
303580
303581
303582
303583
303584
303585
303586
303587
303588
303589
303590
303591
303592
303593
303594
303595
303596
303597
303598
303599
303600
303601
303602
303603
303604
229678
229679
229680
229681
229682
229683
229684
229685
169919
229686
229687
229688
229689
229690
229691
229692
164709
229693
229694
228012
229695
229696
229697
229698
229699
229700
229701
229595
229702
229703
229704
229596
139910
139911
139912
139913
139914
139915
139916
139917
139918
139919
139920
139921
139922
139923
139924
139925
139926
139927
139928
139929
139930
139931
139932
139933
139934
139935
139936
139937
139938
139939
139940
139941
139942
139943
139944
139945
139946
139947
139948
139949
139950
139951
139952
139953
139954
139955
139956
139957
139958
139959
139960
139961
139962
139963
139964
139965
139966
139967
139968
139969
139970
139971
139972
139973
139974
139975
139976
139977
139978
139979
139980
139981
139982
139983
139984
139985
139986
139987
139988
139989
139990
139991
139992
139993
139994
139995
139996
139997
139998
139999
140000
140001
140002
140003
140004
140005
140006
140007
140008
140009
140010
140011
140012
140013
140014
140015
140016
140017
140018
140019
140020
140021
140022
140023
140024
140025
140026
140027
140028
140029
140030
140031
140032
140033
140034
140035
140036
140037
140038
140039
140040
140041
140042
140043
140044
140045
140046
140047
140048
140049
140050
140051
140052
140053
140054
140055
140056
140057
140058
140059
140060
140061
140062
140063
140064
140065
140066
140067
140068
140069
140070
140071
140072
140073
140074
140075
140076
140077
140078
140079
140080
140081
140082
140083
140084
140085
140086
140087
140088
140089
140090
140091
140092
140093
140094
140095
140096
140097
140098
140099
140100
140101
140102
140103
140104
140105
140106
140107
140108
140109
140110
140111
140112
140113
140114
140115
140116
140117
140118
140119
140120
140121
140122
140123
140124
140125
140126
140127
140128
140129
140130
140131
140132
140133
140134
140135
140136
140137
229606
41878
41879
41880
41881
41882
41883
41884
41885
41886
41887
41888
41889
41890
41891
41892
41893
41894
41895
41896
41897
41898
41899
41900
41901
41902
41903
41904
41905
41906
41907
41908
41909
41910
41911
41912
41913
41914
41915
41916
41917
41918
41919
41920
41921
41922
41923
41924
41925
41926
41927
41928
41929
41930
41931
41932
41933
41934
41935
41936
41937
41938
41939
41940
41941
41942
41943
41944
41945
41946
41947
41948
41949
41950
41951
41952
41953
41954
41955
41956
41957
41958
41959
41960
41961
41962
41963
41964
41965
41966
41967
41968
41969
41970
41971
41972
41973
41974
41975
41976
41977
41978
41979
41980
41981
41982
41983
41984
41985
41986
41987
41988
41989
41990
41991
229579
138619
138620
138621
229615
138622
138623
138624
138625
138626
229616
138627
138628
138629
138630
138631
229617
138632
138633
138634
138635
138636
229618
138637
229580
229619
42183
42184
42185
42186
42187
42188
42189
42190
42191
42192
42193
42194
42195
42196
42197
42198
42199
42200
42201
42202
42203
42204
42205
42206
42207
42208
42209
42210
42211
42212
42213
42214
42215
42216
42217
42218
42219
42220
42221
42222
42223
42224
42225
42226
42227
42228
42229
42230
42231
42232
42233
42234
42235
42236
42237
42238
42239
42240
42241
42242
42243
42244
42245
42246
42247
42248
42249
42250
42251
42252
42253
42254
42255
42256
42257
42258
42259
42260
42261
42262
42263
42264
42265
42266
42267
42268
42269
42270
42271
42272
42273
42274
42275
42276
42277
42278
42279
42280
42281
42282
42283
42284
42285
42286
42287
42288
42289
42290
42291
42292
42293
42294
42295
42296
42297
42298
42299
42300
42301
42302
42303
42304
42305
42306
42307
42308
42309
42310
42311
42312
271689
271690
271691
271692
271693
271694
271695
42316
271697
271698
271699
271700
42321
271702
271703
271704
271705
42326
271707
271708
271709
271710
42329
271712
271713
42330
42331
42332
42333
42334
42335
42336
42337
42338
42339
42340
42341
42342
42343
42344
42345
42346
42347
42348
42349
42350
42351
42352
42353
42354
42355
42356
42357
42358
42359
42360
42361
42362
42363
42364
42365
42366
42367
42368
42369
42370
42371
42372
42373
42374
42375
42376
42377
42378
42379
42380
42381
42382
42383
42384
42385
42386
42387
42388
42389
42398
42399
42400
42401
42402
42394
42395
42396
42403
42404
42405
42406
42407
42408
42409
42410
42411
42412
42413
42414
42415
42416
42419
42420
42421
42422
42423
42424
42425
42426
42427
42428
42429
42430
206263
206264
206265
206266
206267
206268
206269
206270
206271
206272
206273
206274
206275
206276
206277
206278
206279
206280
206281
206282
206283
206284
206285
206286
206287
206288
206289
206290
206291
206292
206293
206294
206295
206296
206297
206298
206299
206300
206301
206302
206303
206304
206305
206306
206307
206308
206309
206310
206311
206312
206313
206314
206315
206316
206317
206318
206319
206320
206321
206322
206323
47531
47532
47533
47534
47535
47536
47537
47538
47539
47540
47541
47542
47543
47544
47545
47546
47547
47548
47549
47550
47551
47552
47553
47554
47555
47556
47557
47558
47559
206515
206516
206517
206518
47560
206519
206520
206521
206522
47561
47562
47563
47564
108235
108236
108237
108238
47565
108239
108240
108241
108242
47566
108243
108244
108245
108246
47567
108247
108248
108249
108250
47568
108251
108252
108253
108254
47569
108255
108256
108257
108258
47570
108259
47571
47572
47573
47574
47575
47576
47577
47578
47579
47580
47581
47582
67121
229585
47583
67122
47584
67123
47585
67124
47586
67125
47587
67126
47588
67127
47589
67128
47590
67129
67130
47592
67131
47593
67132
67133
67134
67135
67136
67137
158318
67138
67139
67140
47602
67141
47603
67142
158323
47604
67143
47605
67144
47606
67145
47607
67146
47608
67147
158328
47609
67148
47610
67149
47611
229649
67150
67151
67152
158333
67153
229650
158338
229651
164854
158343
169918
229652
164859
229653
218557
239661
239662
239663
239664
239665
239666
239667
229654
239668
239669
239670
239671
239672
239673
239674
239675
239676
239677
239678
239679
239680
239681
239682
239683
239684
239685
239686
239687
239688
239689
239690
239691
229655
239692
239693
239694
239695
239696
239697
239698
239699
239700
239701
239702
239703
239704
239705
239706
239707
239708
239709
239710
239711
239712
239713
239714
239715
229656
239716
239717
239718
239719
239720
239721
239722
239723
239724
239725
239726
239727
239728
239729
239730
239731
239732
239733
239734
239735
239736
229657
219724
108691
108692
108693
108694
108695
108696
108697
108698
108699
108700
108701
108702
108703
108704
108705
108706
108707
108708
108709
108710
108711
108712
108713
108714
108715
108716
108717
108718
108719
108720
108721
108722
108723
108724
108725
108726
108727
108728
108729
108730
108731
108732
108733
108734
108735
108736
108737
108738
108739
108740
108741
108742
108743
108744
108745
229660
229661
229662
219727
164723
229663
238543
229664
229665
295182
295183
295184
295185
295186
229666
295187
295188
295189
295190
295191
229667
272769
272770
272771
272772
272773
272774
272775
272776
272777
272778
272779
272780
272781
272782
272783
272784
272785
272786
272787
272788
272789
272790
272791
272792
272793
272794
272795
272796
272797
272798
272799
272800
272801
272802
272803
272804
272805
272806
272807
272808
272809
272810
272811
272812
272813
272814
272815
272816
272817
272818
272819
272820
272821
272822
272823
272824
272825
272826
272827
272828
272829
272830
272831
272832
272833
272834
272835
272836
272837
272838
272839
272840
272841
272842
272843
272844
272845
272846
272847
272848
272849
272850
272851
272852
272853
272854
272855
272856
272857
272858
272859
272860
272861
272862
272863
272864
229671
229672
207364
207365
207366
207367
207368
207369
207370
207371
207372
207373
207374
207375
207376
207377
207378
237927
229673
229674
229675
229676
174712
174713
174714
174715
174716
174717
174718
174719
174720
174721
174722
174723
174724
174725
174726
174727
174728
174729
174730
174731
174732
174733
174734
174735
174736
174737
237928
310435
191045
191046
310436
191047
191048
191049
191050
191051
310437
191052
191053
229627
191054
191055
191056
310438
191057
191058
191059
191060
191061
310439
191062
164727
191063
305926
305927
305928
305929
191064
305930
305931
305932
305933
191065
305934
305935
305936
305937
305938
305939
305940
305941
305942
305943
305944
305945
305946
305947
305948
310441
310442
310443
207723
207724
207725
310444
80368
237930
80371
310445
80372
80373
80374
80375
80376
310446
80377
80378
310447
310448
80389
80390
80391
80392
237931
327891
327892
327893
327894
327895
222646
327896
327897
327898
327899
327900
327901
327902
327903
327904
327905
327906
327907
327908
237932
327909
327910
327911
306317
306318
306319
306320
306321
306322
306323
306324
306325
306326
109711
109712
109713
109714
109715
109716
109717
109718
109719
109720
109721
109722
109723
109724
109725
109726
109727
109728
109729
109730
109731
109732
327916
327917
327918
327919
327920
327921
327922
327923
327924
327925
208085
327926
208086
208087
208088
208089
327927
208090
208091
208092
208093
327928
139054
208094
208095
208096
327929
139055
208097
208098
208099
327930
139056
208100
208101
208102
327931
139057
208104
208105
208106
327932
139058
208109
208110
208111
327933
139059
208114
208115
208116
327934
139060
208119
208120
208121
327935
139061
208124
208125
208126
139062
327936
208129
208130
208131
139063
327937
240902
240903
240904
139064
327938
240907
240908
240909
139065
327939
240912
240913
240914
139066
327940
240917
240918
240919
139067
327941
240922
240923
240924
139068
327942
240927
240928
240929
139069
327943
206259
240933
240934
139070
327944
240937
240938
240939
139071
327945
240942
240943
240944
240945
327946
139072
327947
139073
206260
327948
139074
327949
139075
327950
139076
139077
139078
44378
44379
44380
44381
44382
44383
44384
44385
44386
44387
44388
44389
44390
44391
327955
44392
44393
44394
44395
44396
44397
44398
44399
44400
44401
44402
44403
44404
44405
44406
44407
44408
44409
44410
44411
44412
44413
44414
44415
44416
44417
44418
44419
44420
44421
44422
44423
44424
44425
44426
44427
44428
44429
44430
44431
44432
44433
44434
44435
327964
44436
44437
44438
44439
44440
44441
44442
44443
44444
44445
44446
44447
44448
44449
44450
44451
44452
44453
44454
44455
44456
44457
327967
327968
139094
327969
139095
175528
175529
139096
327970
175532
175533
175534
139097
327971
175537
175538
175539
139098
327972
175542
175543
175544
139099
327973
175547
175548
175549
139100
327974
175552
175553
175554
139101
327975
175557
175558
175559
139102
327976
175562
175563
175564
139103
327977
175567
175568
175569
175570
327978
139104
175573
175574
175575
327979
139105
175578
175579
175580
327980
139106
175583
175584
175585
327981
139107
175588
175589
327982
139108
327983
139109
327984
139110
327985
139111
229599
77314
77315
77316
77317
77318
77319
77320
77321
77322
77323
77324
77325
77326
77327
77328
77329
77330
77331
77332
77333
77334
77335
77336
77337
77338
77339
77340
77341
77342
77343
77344
77345
77346
77347
77348
77349
77350
77351
77352
77353
77354
306731
306732
306733
306734
306735
306736
306737
306738
306739
306740
77365
306741
306742
306743
306744
306745
77371
77372
77373
306746
77375
77376
306747
306748
306749
306750
306751
306752
306753
306754
306755
306756
306757
306758
306759
306760
328000
328001
77384
77385
77386
77387
328002
77389
77390
77391
77392
328003
77394
77396
328004
328005
328006
328007
328008
328009
229600
208570
208571
208572
208573
208574
208575
208576
208577
208578
208579
208580
208581
208582
208583
208584
208585
208586
208587
208588
190188
208589
208590
208591
208592
208593
208594
208595
225172
229601
225173
307031
307032
307033
307034
307035
307036
307037
307038
307039
307040
307041
307042
307043
307044
307045
307046
307047
307048
307049
307050
307051
307052
307053
307054
307055
307056
307057
307058
307059
307060
307061
307062
307063
260863
225174
77804
77805
77806
77807
77808
77809
77810
77811
77812
77813
77814
77815
77816
77817
77818
77819
77820
77821
307375
307376
307377
307378
307379
307380
307381
307382
307383
307384
307385
307386
307387
307388
307389
307390
307391
225176
307392
307393
307394
307395
307396
307397
307398
307399
307400
307401
307402
307403
307404
307405
307406
307407
307408
307409
307410
307411
307412
307413
307414
307415
307416
307417
307418
307419
307420
307421
307422
307423
307424
307425
307426
307427
307428
307429
143591
143592
143593
143594
307435
307436
307437
307438
307439
307440
307441
307442
307443
307444
307445
143597
143598
143599
143600
225177
242005
242006
242007
242008
242009
242010
242011
242012
242013
242014
242015
242016
242017
242018
242019
242020
242021
242022
242023
242024
242025
242026
242027
242028
242029
242030
242031
152312
242032
242033
242034
242035
152313
242036
242037
242038
242039
152314
152315
152316
152317
152318
152319
152320
152321
152322
152323
152324
152325
152326
225178
152327
152328
152329
152330
152331
152332
152333
77357
229607
77358
77359
260868
77360
225179
77361
77362
229608
77363
242327
242328
242329
77364
242330
242331
242332
242333
242334
242335
242336
242337
242338
225180
77366
77367
229609
77368
77369
275332
275333
275334
275335
275336
275337
275338
275339
275340
275341
275342
275343
275344
275345
275346
275347
275348
275349
275350
275351
275352
275353
275354
275355
210026
210027
210028
210029
210030
210031
210032
210033
210034
210035
210036
210037
210038
210039
210040
210041
210042
210043
210044
210045
210046
210047
210048
210049
210050
210051
210052
210053
210054
210055
210056
210057
210058
210059
210060
210061
210062
210063
210064
210065
210066
210067
210068
210069
210070
210071
210072
210073
210074
210075
210076
210077
210078
210079
210080
210081
210082
210083
210084
210085
210086
210087
210088
210089
210090
210091
210092
210093
210094
210095
210096
210097
210098
210099
210100
210101
210102
210103
210104
210105
210106
210107
210108
210109
210110
210111
210112
210113
210114
210115
210116
210117
210118
210119
210120
210121
210122
210123
210124
210125
210126
210127
210128
210129
210130
210131
210132
210133
210134
210135
210136
210137
210138
210139
210140
210141
210142
210143
210144
210145
210146
210147
28747
28748
28749
28750
28751
28752
28753
28754
225185
48323
275895
275896
275897
275898
275899
275900
275901
275902
275903
275904
275905
275906
275907
275908
275909
275910
275911
275912
275913
275914
275915
275916
275917
275918
275919
177617
177618
177619
177620
177621
177622
177623
177624
177625
177626
177627
177628
177629
177630
177631
177632
177633
177634
177635
177636
177637
177638
177639
177640
177641
177642
177643
177644
177645
177646
177647
177648
177649
177650
177651
177652
177653
177654
177655
177656
177657
177658
177659
177660
177661
177662
177663
177664
177665
177666
177667
177668
177669
177670
177671
177672
177673
177674
177675
177676
177677
177678
177679
177680
177681
177682
177683
177684
177685
177686
177687
177688
177689
177690
177691
177692
177693
177694
177695
204652
204653
204654
204655
204656
46639
46640
46641
46642
46643
46644
46645
46646
46647
46648
46649
46650
46651
46652
46653
46654
46655
46656
46657
46658
46659
46660
46661
46662
46663
46664
46665
46666
46667
46668
46669
46670
46671
46672
46673
46674
46675
46676
46677
46678
46679
46680
46681
46682
46683
46684
46685
46686
46687
46688
46689
46690
46691
46692
46693
46694
46695
46696
46697
46698
46699
46700
46701
46702
46703
46704
46705
46706
46707
46708
46709
46710
46711
46712
46713
46714
46715
46716
46717
46718
46719
46720
46721
46722
46723
46724
46725
46726
46727
46728
46729
46730
46731
46732
46733
46734
46735
46736
46737
46738
46739
46740
46741
225188
225189
276307
276308
276309
276310
276311
276312
276313
276314
276315
276316
276317
276318
276319
276320
276321
276322
276323
276324
276325
276326
276327
276328
276329
276330
276331
276332
276333
276334
276335
276336
276337
276338
276339
276340
276341
276342
276343
276344
276345
276346
276347
276348
276349
276350
276351
276352
276353
276354
276355
276356
276357
276358
276359
276360
276361
276362
276363
276364
276365
145339
145340
145341
145342
145343
145344
145345
145346
145347
145348
145349
145350
145351
145352
145353
145354
145355
145356
145357
145358
145359
145360
145361
145362
145363
145364
145365
145366
145367
145368
145369
145370
145371
145372
145373
145374
145375
145376
145377
145378
145379
145380
145381
145382
145383
145384
145385
145386
145387
145388
145389
145390
145391
145392
145393
145394
217776
217781
229620
229621
276716
276717
276718
276719
276720
276721
276722
276723
276724
276725
276726
276727
276728
276729
229622
219723
164704
164705
47528
47529
47530
80299
80300
80301
80302
80303
80304
80305
80306
80307
80308
80309
80310
80311
80312
80313
80314
80315
80316
80317
80318
80319
80320
80321
80322
80323
80324
80325
80326
80327
80328
80329
80330
80331
80332
80333
80334
80335
80336
80337
80338
80339
80340
80341
80342
80343
80344
80345
80346
80347
80348
80349
80350
80351
80352
80353
80354
80355
80356
80357
80358
80359
80360
80361
80362
80363
80364
80365
80366
80367
47591
80369
80370
47594
47595
47596
47597
47598
47599
47600
47601
80379
80380
80381
80382
80383
80384
80385
80386
80387
80388
47612
47613
47614
47615
47616
47617
47618
47619
47620
47621
47622
47623
47624
47625
47626
47627
211475
211476
211477
211478
211479
211480
211481
211482
211483
211484
211485
211486
211487
211488
164710
211489
211490
211491
211492
211493
211494
211495
211496
211497
211498
211499
211500
211501
211502
211503
211504
211505
211506
211507
211508
211509
211510
211511
211512
164711
229624
164712
164713
219725
164714
164715
164716
215515
229625
164717
164718
219726
211713
211714
211715
164719
211716
211717
211718
211719
211720
211721
211722
211723
211724
211725
211726
211727
211728
211729
211730
211731
211732
211733
211734
211735
211736
211737
211738
211739
164720
211740
211741
211742
211743
211744
211745
211746
211747
211748
211749
211750
211751
164721
229626
164722
80725
80726
80727
80728
80729
80730
80731
80732
80733
80734
80735
80736
80737
80738
80739
80740
80741
80742
80743
80744
80745
80746
80747
80748
80749
80750
80751
80752
80753
80754
80755
80756
80757
80758
80759
80760
80761
80762
80763
80764
80765
80766
80767
80768
80769
164724
164725
164726
113598
113599
113600
113601
113602
113603
113604
113605
113606
113607
113608
113609
113610
113611
113612
113613
113614
113615
113616
113617
113618
113619
113620
113621
113622
164728
219728
164729
229628
244819
244820
244821
244822
244823
244824
244825
244826
244827
244828
244829
244830
244831
244832
244833
244834
244835
244836
244837
244838
244839
244840
244841
244842
244843
244844
244845
244846
244847
244848
244849
244850
244851
244852
244853
244854
244855
244856
244857
244858
244859
244860
244861
244862
244863
244864
244865
244866
244867
244868
244869
244870
244871
244872
244873
244874
244875
244876
244877
244878
244879
244880
244881
244882
244883
244884
244885
244886
244887
244888
244889
244890
244891
244892
244893
244894
244895
244896
244897
244898
244899
244900
244901
244902
244903
244904
244905
244906
244907
244908
244909
244910
244911
244912
244913
244914
244915
244916
244917
244918
244919
244920
244921
244922
48315
81084
81085
81086
81087
81088
81089
81090
81091
81092
48316
48317
48318
48319
48320
48321
48322
81100
81101
81102
81103
81095
81096
81097
81098
81099
151217
323650
323651
151218
219449
219450
219451
323654
219452
141740
323655
323656
151219
238544
323657
323658
165983
323659
165984
165985
165986
165987
323660
165988
165989
165990
165991
165992
165993
151220
165994
165995
165996
165997
165998
165999
166000
166001
166002
166003
166004
166005
166006
166007
166008
166009
166010
166011
166012
166013
166014
166015
166016
166017
166018
311022
311023
311024
311025
311026
311027
311028
311029
311030
311031
311032
311033
311034
311035
311036
311037
311038
311039
311040
311041
311042
311043
311044
311045
311046
311047
311048
311049
311050
311051
311052
311053
311054
311055
311056
311057
311058
311059
311060
311061
311062
311063
42313
42314
42315
42317
42318
42319
42320
42322
147397
147398
147399
147400
42323
42324
42325
42327
42328
16374
16375
16376
16377
16378
16379
16380
16381
16382
16383
16384
16385
16386
16387
16388
16389
16390
16391
16392
16393
16394
16395
16396
16397
16398
16399
16400
16401
16402
16403
16404
16405
16406
16407
16408
16409
16410
16411
16412
16413
16414
16415
16416
16417
16418
16419
16420
16421
16422
16423
16424
16425
16426
16427
16428
16429
16430
16431
278624
278625
278626
278627
278628
278629
278630
278631
278632
278633
278634
278635
278636
278637
278638
278639
278640
278641
278642
278643
213099
213100
213101
213102
213103
213104
213105
213106
213107
213108
213109
213110
213111
213112
213113
213114
213115
213116
213117
213118
213119
311435
311436
311437
311438
311439
311440
311441
311442
311443
311444
311445
311446
311447
311448
311449
311450
311451
311452
311453
311454
311455
311456
311457
311458
311459
42390
42391
94495
42392
42393
94496
94497
205217
94498
205218
94499
205219
42397
94500
205220
94501
205221
94502
205222
94503
205223
94504
205224
94505
205225
94506
205226
94507
205227
94508
205228
94509
205229
94510
205230
205231
205232
205233
205234
205235
205236
205237
205238
205239
42417
205240
42418
205241
205242
205243
205244
205245
205246
205247
205248
205249
205250
205251
205252
205253
205254
205255
205256
205257
205258
279045
279046
279047
279048
279049
279050
279051
279052
279053
279054
279055
279056
279057
279058
279059
279060
279061
279062
279063
279064
279065
279066
279067
279068
279069
279070
279071
279072
279073
279074
279075
279076
279077
279078
279079
279080
279081
279082
279083
205265
205266
222655
123355
312011
312012
312013
312014
312015
312016
312017
312018
312019
312020
312021
312022
312023
312024
312025
312026
312027
312028
312029
312030
312031
312032
312033
312034
312035
312036
312037
312038
312039
312040
312041
312042
312043
312044
312045
312046
312047
312048
312049
312050
312051
312052
312053
312054
312055
312056
312057
312058
312059
312060
312061
312062
312063
312064
312065
312066
312067
312068
312069
312070
312071
312072
312073
312074
312075
312076
312077
312078
312079
312080
312081
312082
312083
312084
312085
312086
312087
312088
312089
312090
312091
312092
312093
312094
312095
312096
312097
312098
312099
213891
213892
213893
213894
213895
213896
213897
213898
213899
213900
213901
213902
213903
213904
213905
213906
213907
213908
213909
312225
312226
312227
312228
312229
312230
312231
312232
312233
312234
312235
312236
312237
312238
312239
312240
312241
312242
312243
312244
312245
312246
312247
312248
312249
312250
312251
312252
312253
312254
312255
312256
312257
312258
312259
312260
312261
312262
312263
312264
312265
312266
312267
312268
312269
312270
312271
312272
312273
312274
312275
312276
312277
312278
312279
312280
312281
312282
312283
312284
312285
312286
312287
312288
312289
312290
312291
312292
237917
237918
237919
237920
237921
181235
181236
181237
181238
237922
237923
237924
237925
237926
82959
82960
82961
82962
82963
82964
82965
82966
82967
82968
82969
82970
82971
82972
82973
82974
82975
82976
82977
82978
82979
82980
82981
82982
82983
82984
82985
82986
82987
82988
82989
82990
82991
82992
82993
82994
237933
237934
237935
237936
237937
237938
237939
237940
237941
237942
237943
218442
218443
218444
218445
218446
218447
279864
279865
279866
279867
279868
279869
279870
279871
279872
279873
279874
279875
279876
279877
279878
279879
279880
279881
214353
214354
214355
214356
214357
214358
214359
214360
214361
214362
214363
214364
214365
214366
214367
214368
214369
214370
214371
214372
214373
214374
214375
214376
214377
214378
214379
214380
214381
214382
214383
214384
214385
214386
214387
214388
214389
214390
214391
214392
214393
214394
214395
214396
214397
214398
214399
214400
214401
214402
214403
214404
214405
214406
214407
214408
214409
214410
214411
214412
214413
214414
214415
214416
214417
214418
214419
214420
214421
214422
214423
214424
214425
214426
214427
214428
214429
214430
214431
214432
214433
214434
214435
214436
214437
214438
214439
214440
214441
214442
214443
214444
214445
214446
214447
214448
214449
214450
214451
214452
214453
214454
214455
214456
214457
214458
214459
214460
214461
214462
296636
296637
296638
296639
296640
296641
296642
296643
296644
296645
296646
296647
312862
312863
312864
312865
312866
312867
312868
296648
296649
296650
296651
296652
292993
329228
329229
329230
329231
329232
329233
329235
329241
329242
329243
329244
218525
329245
218526
149189
149190
329246
149191
149192
149193
149194
149195
149196
149197
149198
149199
149200
149201
149202
149203
149204
149205
329249
149206
149207
149208
149209
149210
149211
149212
149213
149214
329251
149215
149216
149217
149218
329252
149219
149220
149221
149222
329253
149223
149224
149225
149226
329254
149227
149228
149229
149230
149231
149232
149233
149234
149235
329256
149236
149237
149238
149239
329257
149240
149241
149242
149243
329258
149244
149245
149246
182015
329259
182017
182018
182019
182020
329260
182022
182023
182024
182025
329261
182027
182028
182029
182030
329262
182032
182033
182034
182035
329263
182037
182038
182039
182040
329264
182042
182043
182044
182045
182046
182047
182048
182049
182050
182051
182052
182053
182054
182055
182056
182057
182058
182059
182060
182061
182062
182063
182064
182065
182066
182067
182068
182069
182070
182071
182072
182073
182074
182075
182076
182077
182078
182079
182080
182081
182082
182083
182084
182085
182086
182087
182088
182089
182090
182091
182092
182093
182094
182095
182096
182097
182098
182099
182100
182101
182102
182103
182104
182105
182106
182107
182108
182109
182110
182111
182112
182113
182114
182115
182116
182117
182118
182119
182120
182121
182122
182123
182124
182125
182126
182127
182128
182129
182130
182131
182132
182133
182134
182135
182136
182137
182138
182139
182140
182141
182142
182143
182144
182145
182146
182147
182148
182149
182150
182151
182152
182153
182154
182155
182156
182157
182158
182159
182160
182161
182162
182163
182164
182165
182166
182167
182168
182169
182170
182171
182172
182173
182174
182175
182176
182177
182178
182179
182180
182181
182182
182183
182184
182185
182186
182187
182188
182189
182190
182191
182192
182193
182194
182195
182196
182197
182198
182199
182200
182201
182202
182203
182204
182205
182206
182207
182208
182209
182210
182211
182212
182213
182214
182215
182216
182217
182218
182219
182220
182221
182222
182223
182224
182225
182226
182227
182228
182229
182230
182231
182232
182233
182234
182235
182236
182237
182238
182239
182240
182241
182242
182243
182244
182245
182246
182247
182248
182249
182250
182251
182252
182253
182254
182255
182256
182257
182258
182259
182260
182261
182262
182263
182264
182265
182266
182267
182268
280679
280680
280681
280682
280683
225158
225159
225160
225161
225162
225163
225164
225165
225166
84296
84297
84298
84299
84300
84301
84302
84303
84304
84305
84306
84307
84308
84309
84310
84311
84312
84313
225169
225170
225171
215389
215390
215391
215392
215393
215394
215395
215396
215397
215398
215399
215400
215401
215402
215403
215404
215405
215406
215407
215408
215409
215410
215411
215412
215413
215414
215415
215416
215417
215418
215419
215420
215421
215422
215423
215424
215425
215426
215427
215428
215429
215430
215431
215432
215433
215434
215435
215436
215437
215438
215439
215440
215441
215442
215443
215444
215445
215446
215447
215448
215449
215450
215451
215452
215453
215454
215455
215456
215457
215458
215459
215460
215461
215462
215463
215464
215465
215466
215467
215468
215469
215470
215471
215472
215473
215474
215475
215476
215477
160060
215478
215479
215480
215481
160061
215482
215483
215484
215485
160062
215486
215487
215488
215489
160063
215490
215491
215492
215493
215494
160064
215495
215496
215497
215498
160065
215499
215500
215501
215502
160066
215503
215504
215505
215506
160067
215507
215508
215509
215510
160068
215511
215512
215513
215514
160069
215516
215517
215518
215519
160070
215521
215522
215523
215524
160071
215526
215527
215528
215529
160072
215531
215532
215533
225200
160073
225201
225202
160074
225203
160075
222658
225204
160076
225205
160077
225206
160078
225207
160079
225208
160080
225209
160081
175471
225210
160082
225211
225212
225213
123370
225214
225215
225216
225217
225218
225219
225220
225221
225222
225223
225224
225225
225226
225227
225228
225229
248452
225230
248453
248454
248455
248456
225231
248457
248458
248459
248460
225232
248461
248462
248463
248464
225233
248465
248466
248467
248468
225234
248469
248470
248471
248472
175472
225235
248473
248474
248475
225236
248476
248477
248478
248479
225237
248480
248481
248482
248483
225238
248485
248486
123371
248488
225239
248490
248491
248492
248493
225240
248495
248496
248497
248498
225241
248500
248501
248502
248503
225242
248505
248506
248507
248508
225243
248510
248511
248512
248513
225244
248515
248516
248517
248518
204649
225245
225246
150233
150234
150235
225247
225248
225249
205259
225250
233915
225251
225252
225253
225254
205260
229658
225255
233916
225256
225257
225258
225259
205261
175473
225260
240894
225261
225262
215848
215849
215850
215851
215852
123372
215853
215854
215855
215856
205262
215857
215858
215859
215860
215861
215862
292995
215863
215864
215865
215866
215867
215868
215869
215870
215871
215872
215873
215874
215875
215876
215877
164708
215878
205263
215879
204650
215880
215881
215882
215883
215884
215885
225270
225271
225272
225273
225274
205264
225275
225276
225277
225278
225279
229659
225187
225280
225281
225282
225283
225284
175474
225285
225286
253460
225287
225288
225289
225290
225291
248767
248768
248769
248770
248771
204651
314379
314380
314381
314382
314383
314384
314385
314386
314387
314388
314389
314390
314391
314392
314393
314394
314395
314396
314397
314398
314399
314400
314401
314402
314403
314404
314405
314406
314407
314408
314409
314410
314411
314412
314413
314414
314415
314416
314417
314418
314419
314420
314421
314422
314423
314424
314425
314426
314427
314428
314429
314430
314431
314432
314433
314434
314435
314436
314437
314438
314439
314440
314441
314442
314443
314444
314445
314446
314447
314448
314449
253470
249074
249075
249076
249077
249078
249079
249080
249081
249082
249083
249084
249085
249086
249087
249088
249089
249090
249091
249092
85326
85327
85328
85329
85330
85331
85332
85333
85334
85335
85336
85337
85338
85339
85340
85341
85342
85343
85344
85345
85346
85347
85348
85349
85350
85351
85352
85353
85354
85355
85356
85357
85358
85359
85360
85361
85362
85363
85364
85365
85366
85367
85368
85369
85370
85371
85372
85373
85374
85375
85376
85377
85378
85379
85380
85381
85382
85383
85384
85385
85386
85387
85388
85389
85390
85391
85392
85393
85394
85395
85396
85397
85398
85399
85400
85401
85402
85403
85404
85405
85406
85407
85408
85409
85410
85411
85412
85413
85414
85415
85416
85417
85418
85419
85420
85421
85422
85423
85424
85425
85426
85427
85428
85429
85430
118190
118191
118192
118193
118194
118195
118196
118197
118198
118199
118200
118201
118202
118203
118204
118205
118206
118207
118208
118209
118210
118211
118212
118213
118214
118215
118216
118217
118218
118219
118220
118221
118222
118223
118224
118225
118226
118227
118228
118229
118230
118231
118232
118233
118234
118235
118236
118237
118238
118239
118240
118241
118242
118243
118244
118245
118246
118247
118248
118249
118250
118251
118252
118253
118254
118255
118256
118257
118258
118259
118260
118261
118262
118263
118264
118265
118266
118267
118268
118269
118270
118271
231925
231926
231927
231928
231929
231930
231931
231932
231933
231934
231935
231936
231937
231938
231939
134246
231940
134247
231941
134248
231942
134249
231943
134250
231944
134251
231945
134252
231946
134253
231947
134254
231948
134255
231949
134256
151189
151190
151191
151192
134257
151193
151194
151195
151196
134258
151197
151198
151199
151200
134259
151201
151202
151203
151204
134260
151205
151206
151207
151208
134261
151209
151210
151211
151212
315058
315059
315060
315061
315062
315063
315064
315065
315066
315067
315068
315069
315070
315071
315072
315073
315074
315075
315076
315077
315078
315079
315080
315081
315082
315083
315084
315085
315086
315087
315088
315089
315090
315091
315092
315093
315094
315095
315096
315097
315098
315099
315100
315101
315102
315103
315104
315105
315106
315107
315108
315109
315110
315111
315112
315113
315114
315115
315116
315117
315118
315119
315120
315121
315122
315123
315124
315125
315126
164800
175482
115432
123381
115433
238519
238520
238521
238522
115434
238523
238524
238525
238526
238527
115435
238528
238529
238530
238531
238532
115436
238533
229668
238534
238535
238536
238537
115437
238538
238539
238540
20511
20512
20513
20514
20515
20516
20517
20518
20519
20520
20521
20522
20523
20524
20525
20526
20527
20528
20529
20530
20531
20532
20533
20534
20535
20536
20537
20538
20539
20540
20541
20542
20543
20544
20545
20546
20547
20548
20549
20550
20551
20552
20553
20554
20555
20556
20557
20558
20559
20560
20561
20562
20563
20564
20565
20566
20567
20568
20569
20570
20571
184412
184413
184414
184415
184416
184417
184418
184419
184420
184421
184422
184423
184424
184425
184426
184427
184428
184429
184430
184431
184432
184433
184434
184435
184436
184437
184438
184439
184440
184441
184442
184443
184444
184445
184446
184447
184448
184449
184450
184451
238560
238561
238562
238563
238564
238565
238566
238567
295192
238568
238569
238570
238571
217274
217275
217276
217277
217278
295193
217279
217280
217281
217282
217283
217284
217285
217286
217287
217288
217289
217290
217291
217292
217293
217294
217295
217296
217297
217298
217299
217300
217301
217302
295194
217303
217304
217305
217306
217307
217308
217309
217310
217311
217312
217313
217314
217315
217316
217317
217318
217319
217320
295195
229670
186483
295196
186488
295197
186493
295198
186498
295199
186503
295200
186508
295201
186513
250276
250277
250278
250279
250280
250281
250282
250283
250284
250285
250286
250287
250288
250289
250290
186518
250291
250292
250293
250294
250295
250296
250297
250298
250299
250300
250301
250302
250303
250304
250305
250306
250307
250308
250309
250310
250311
250312
250313
250314
186523
250315
250316
250317
250318
250319
250320
250321
250322
250323
250324
250325
250326
250327
250328
250329
250330
186528
186543
217662
217663
217664
217665
217666
217667
217668
217669
217670
217671
217672
217673
217674
217675
217676
217677
217678
217679
217680
217681
217682
217683
217684
217685
217686
217687
217688
217689
217690
217691
217692
217693
217694
217695
217696
217697
217698
217699
217700
217701
217702
217703
186554
217704
217705
217706
217707
217708
217709
217710
217711
217712
217713
217714
217715
217716
217717
217718
217719
217720
217721
217722
217723
217724
217725
217726
217727
186559
217728
217729
217730
217731
217732
217733
217734
217735
217736
217737
217738
217739
217740
217741
217742
217743
217744
217745
217746
217747
186563
217748
217749
217750
217751
186564
217752
217753
217754
217755
186565
217756
217757
217758
217759
186566
217760
217761
217762
217763
186567
217764
217765
217766
217767
186568
217768
217769
217770
217771
186569
217772
217773
217774
217775
186570
217777
217778
217779
217780
186571
217782
217783
217784
217785
217786
152261
152262
152263
152264
152265
152266
152267
152268
152269
152270
152271
152272
152273
152274
152275
152276
152277
152278
152279
152280
152281
152282
152283
152284
152285
152286
152287
152288
152289
152290
152291
152292
152293
152294
152295
152296
152297
152298
152299
152300
152301
152302
152303
152304
152305
152306
152307
152308
152309
152310
152311
86776
86777
86778
86779
86780
86781
86782
86783
86784
86785
86786
86787
86788
86789
86790
86791
86792
86793
86794
86795
86796
86797
86798
86799
86800
86801
86802
86803
86804
86805
86806
86807
86808
86809
86810
86811
86812
86813
86814
86815
86816
86817
86818
86819
86820
86821
86822
86823
86824
86825
86826
86827
86828
86829
86830
86831
86832
86833
86834
86835
86836
86837
86838
86839
86840
86841
86842
86843
86844
86845
86846
86847
86848
86849
86850
86851
86852
86853
86854
86855
86856
86857
86858
86859
86860
86861
86862
86863
86864
86865
86866
86867
86868
86869
86870
86871
86872
86873
86874
86875
86876
86877
86878
86879
86880
86881
86882
86883
86884
86885
86886
86887
86888
86889
86890
86891
86892
86893
86894
86895
86896
86897
86898
86899
86900
86901
86902
86903
237912
237913
250846
250847
250848
250849
250850
250851
250852
250853
250854
250855
250856
250857
237914
250858
250859
250860
250861
250862
250863
250864
250865
250866
250867
250868
250869
250870
250871
250872
21498
21499
250873
250874
250875
250876
250877
250878
250879
237915
250880
250881
250882
250883
250884
250885
250886
250887
250888
250889
250890
250891
250892
250893
250894
250895
250896
250897
237916
229677
310434
310410
310411
310412
310413
310414
310415
310416
310417
310418
310419
310420
310421
310422
310423
310424
310425
310426
310427
310428
310429
307431
310430
310431
310432
310433
218380
218381
218382
218383
218384
218385
218386
218387
218388
218389
218390
218391
218392
218393
218394
218395
218396
218397
218398
218399
218400
218401
218402
218403
218404
218405
218406
218407
218408
218409
218410
218411
218412
218413
218414
218415
218416
218417
218418
218419
218420
218421
218422
218423
218424
218425
218426
218427
218428
218429
218430
218431
218432
218433
218434
218435
218436
218437
218438
218439
218440
218441
283978
283979
283980
283981
283982
283983
283984
283985
283986
283987
283988
283989
283990
283991
283992
218448
218449
218450
218451
218452
218453
218454
218455
218456
218457
218458
218459
218460
218461
218462
218463
218464
218465
218466
218467
218468
218469
218470
218471
218472
218473
218474
218475
218476
218477
218478
218479
218480
218481
218482
218483
218484
218485
218486
218487
218488
218489
218490
218491
218492
218493
218494
218495
218496
218497
218498
218499
218500
218501
218502
218503
218504
218505
218506
218507
218508
218509
218510
218511
218512
218513
218514
218515
218516
218517
218518
218519
218520
218521
218522
218523
218524
185766
185767
185768
185769
185770
185771
185772
185773
185774
185775
185776
185777
185778
185779
185780
185781
185782
185783
185784
185785
185786
185787
185788
185789
185790
185791
185792
185793
185794
185795
185796
185797
185798
185799
185800
185801
185802
185803
185804
218564
218565
218566
218567
218568
218569
218570
218571
218572
218573
218574
218575
218576
218577
218578
218579
218580
218581
218582
218583
218584
218585
218586
218587
218588
218589
218590
218591
218592
218593
218594
218595
218596
218597
218598
218599
218600
218608
218609
218610
218611
218612
218613
218614
218615
218616
218617
218618
218619
218620
218621
218622
218623
218624
218625
218626
218627
218628
218629
218630
218631
218632
218633
218634
218635
218636
218637
218638
218639
218640
218641
218642
218643
218644
218645
218646
218647
218648
218649
218650
218651
218652
218653
218654
218655
218656
218657
218658
218659
218660
218661
218662
218663
218664
218665
218666
218667
218668
218669
218670
218671
218672
218673
218674
218675
218676
218677
218678
218679
238554
251637
251638
251639
251640
251641
251642
251643
251644
251645
251646
251647
251648
251649
251650
251651
251652
251653
251654
251655
251656
251657
251658
251659
251660
251661
251662
251663
251664
251665
251666
251667
251668
251669
251670
251671
251672
251673
251674
251675
251676
251677
251678
237929
251679
251680
251681
251682
251683
251684
251685
251686
251687
251688
251689
251690
251691
251692
251693
251694
251695
251696
251697
251698
251699
251700
251701
251702
251703
251704
87875
87876
87877
87878
87879
87880
87881
87882
87883
87884
87885
87886
87887
87888
87889
87890
87891
87892
87893
87894
87895
87896
87897
87898
87899
87900
87901
87902
87903
310440
120733
120734
120735
120736
120737
120738
120739
120740
120741
120742
120743
120744
120745
120746
120747
120748
120749
120750
120751
120752
120753
120754
120755
120756
120757
120758
120759
120760
120761
120762
120763
120764
120765
120766
120767
120768
120769
120770
120771
120772
120773
120774
120775
120776
120777
120778
120779
120780
120781
120782
120783
120784
120785
120786
120787
120788
120789
120790
120791
120792
120793
120794
120795
120796
120797
120798
120799
120800
120801
120802
120803
120804
120805
120806
120807
120808
120809
120810
120811
120812
120813
120814
120815
120816
120817
120818
120819
120820
120821
120822
120823
120824
120825
120826
120827
120828
120829
120830
120831
120832
120833
120834
120835
120836
120837
120838
238542
186428
186429
186430
186431
186432
186433
186434
186435
186436
323623
186437
186438
186439
186440
323624
186441
186442
186443
186444
323625
186445
186446
186447
186448
186449
186450
186451
186452
186453
186454
186455
186456
186457
186458
323628
186459
186460
186461
186462
323629
186463
186464
186465
186466
323630
186467
186468
186469
186470
323631
186471
186472
186473
186474
323632
186475
186476
186477
186478
323633
186479
186480
186481
186482
323634
186484
186485
186486
186487
323635
186489
186490
186491
186492
323636
186494
186495
186496
186497
323637
186499
186500
186501
186502
323638
186504
186505
186506
186507
323639
186509
186510
186511
186512
323640
186514
186515
186516
186517
323641
186519
186520
186521
186522
323642
186524
186525
186526
186527
323643
186529
186530
186531
186532
186533
186534
186535
186536
186537
186538
186539
186540
186541
186542
323646
186544
186545
186546
186547
186548
186549
186550
186551
186552
186553
323648
186555
186556
186557
186558
323649
186560
186561
186562
317644
317645
317646
317647
317648
317649
317650
317651
317652
317653
317654
317655
317656
317657
317658
317659
323652
317661
317662
317663
317664
317665
317666
317667
317668
317669
317670
317671
317672
317673
317674
317675
317676
317677
317678
317679
317680
317681
317682
317683
317684
317685
317686
317687
317688
317689
317690
317691
317692
317693
317694
317695
317696
317697
317698
317699
317700
317701
317702
317703
317704
317705
317706
317707
323661
323662
323663
323664
323665
323666
323667
219429
219430
323668
219431
219432
219433
219434
323669
219435
219436
219437
219438
323670
219439
219440
219441
219442
323671
219443
219444
219445
219446
323672
219447
219448
55614
55615
55616
55617
55618
55619
55620
55621
55622
55623
55624
55625
323675
323674
323676
323677
323678
323679
240889
323680
323681
323682
323683
323684
323685
323686
323687
323688
222654
323689
123349
226624
323690
323691
323692
193435
323693
193436
123350
193437
193438
323696
193439
193440
123351
193441
193442
193443
123352
240890
123353
285191
285192
285193
285194
285195
285196
285197
123354
285198
285199
285200
285201
285202
285203
285204
285205
285207
285208
285209
285210
285211
285212
285213
285214
285206
285215
285216
285217
285218
285220
285221
285222
285223
285224
285225
285226
285227
285228
285229
285230
285231
285232
285233
285234
285235
285236
285237
285238
285239
285240
285241
285242
285243
285244
285245
285246
285247
285248
123356
285249
285250
285251
285252
285253
285254
285255
285256
285257
285259
285260
285261
285262
285263
285264
285265
285266
285267
285268
285269
285270
285271
285272
285273
285274
285275
123357
219732
219733
219734
219735
292992
219737
219738
219739
219740
219741
219742
219743
219744
219745
219746
219747
219748
219749
219750
219751
219752
123358
219754
219755
219756
123359
222656
175461
123360
175462
123361
175463
240892
123362
23260
23261
23262
23263
23264
23265
23266
23267
23268
23269
23270
23271
23272
23273
23274
23275
23276
23277
23278
23279
23280
23281
23282
23283
23284
23285
23286
23287
123363
175464
175465
123364
222657
175466
123365
238556
175467
123366
175468
240893
123367
292994
175469
123368
175470
225263
123369
121747
121748
121749
121750
121751
121752
121753
121754
121755
121756
121757
121758
121759
121760
121761
121762
121763
121764
121765
121766
121767
121768
121769
121770
121771
121772
121773
121774
121775
121776
121777
121778
121779
121780
121781
121782
121783
121784
121785
121786
271696
121787
121788
121789
121790
121791
121792
121793
121794
121795
121796
121797
121798
121799
121800
121801
121802
121803
121804
121805
121806
121807
121808
121809
121810
271701
121811
121812
121813
121814
121815
121816
121817
121818
121819
121820
121821
121822
121823
121824
121825
121826
121827
121828
121829
121830
121831
285665
285666
285667
271706
123373
285670
285671
285672
285673
285674
285675
285676
285677
285678
285679
285680
285681
285682
285683
285684
285685
285686
285687
285688
285689
285690
285691
285692
271711
123374
175475
213095
225264
226625
213096
213097
213098
222659
238550
175476
123375
115408
115409
115410
175477
115411
123376
115412
115413
115414
115415
175508
175478
115416
240895
123377
115417
292996
115418
115419
115420
175479
115421
123378
115422
115423
115424
115425
175480
225265
115426
182021
123379
115427
115428
115429
222660
115430
238551
175481
115431
123380
56480
56481
56482
56483
56484
56485
56486
56487
56488
56489
56490
56491
56492
56493
56494
56495
56496
56497
56498
56499
56500
56501
56502
56503
56504
56505
56506
56507
56508
56509
56510
56511
56512
56513
56514
56515
115438
115439
115440
175509
175483
115441
123382
292997
175484
240896
123383
175485
225266
123384
238552
175486
123385
175487
123386
175488
175489
175490
238553
219692
219693
219694
219695
219696
219697
219698
219699
219700
219701
219702
219703
30830
219704
30831
219705
30832
219706
220661
220662
220663
219707
220664
220665
220666
220667
219708
220668
220669
118184
219709
219710
219711
24078
24079
24080
24081
24082
24083
24084
24085
24086
219712
219713
253457
253458
118185
253459
219714
253461
253462
253463
253464
219715
253466
253467
253468
253469
219716
253471
253472
253473
253474
219717
253476
253477
253478
253479
219718
253481
253482
118186
219719
4794
219720
4795
219721
4796
219722
122438
4797
122439
122440
122441
122442
4798
118187
122443
122444
122445
4799
122446
122447
122448
122449
122450
4800
122451
122452
122453
122454
4801
122455
122456
122457
122458
4802
122459
122460
122461
122462
4803
118188
122463
122464
122465
4804
122467
122468
219729
219730
4805
219731
4806
4807
4808
118189
4809
4810
219736
238555
4811
4812
4813
4814
4815
4816
4817
4818
4819
4820
4821
253636
4822
253637
253638
253639
253640
4823
253641
253642
253643
253644
4824
253645
253646
253647
253648
4825
253649
253650
253651
253652
4826
253653
253654
253655
253656
4827
253657
253658
219753
253659
4828
253660
253661
253662
253663
4829
253664
155370
155371
155372
4830
155373
155374
155375
155376
4831
155377
155378
155379
155380
155381
4832
155382
155383
155384
155385
4833
155386
155387
155388
155389
4834
155390
155391
155392
155393
4835
155394
155395
155396
155397
155398
155399
155400
155401
155402
155403
155404
155405
155406
155407
155408
155409
155410
155411
155412
155413
155414
155415
155416
155417
155418
155419
155420
155421
155422
155423
155424
155425
155426
155427
155428
155429
155430
155431
155432
155433
155434
155435
155436
155437
155438
155439
155440
155441
155442
155443
155444
155445
155446
155447
155448
155449
155450
155451
155452
155453
155454
155455
155456
155457
155458
155459
155460
155461
155462
155463
89934
89935
89936
89937
89938
89939
89940
155468
155469
155470
155471
155472
155473
155474
155475
155476
155477
155478
155479
155480
155481
155482
155483
238557
253665
238558
30938
30939
327912
30940
30941
30942
30943
30944
327913
30945
30946
57400
57401
57402
57403
57404
57405
57406
57407
57408
57409
57410
57411
57412
57413
57414
57415
57416
57417
57418
57419
57420
57421
57422
57423
57424
57425
57426
57427
57428
57429
57430
57431
57432
57433
57434
57435
57436
57437
57438
57439
57440
57441
57442
57443
57444
57445
57446
57447
57448
57449
57450
57451
57452
57453
57454
57455
57456
57457
57458
57459
57460
57461
57462
57463
57464
57465
57466
57467
57468
57469
57470
238559
102627
102628
102629
102630
102631
102632
102633
102634
229597
102635
102636
102637
90413
90414
102638
102639
102640
102641
102642
102643
102644
102645
141723
102646
141724
327914
102647
155996
155997
141725
155998
102648
155999
156000
141726
156001
102649
156002
156003
141727
156004
102650
156005
156006
156007
141728
102651
156008
156009
156010
141729
102652
156012
156013
156014
141730
102653
156017
156018
156019
141731
102654
156022
156023
156024
141732
102655
156027
156028
156029
141733
156031
102656
156033
156034
141734
156036
102657
156038
156039
141735
156041
102658
156043
156044
141736
156046
102659
156048
156049
141737
156051
102660
156053
156054
141738
102661
141739
102662
90537
90538
90539
90540
90541
90542
90543
90544
90545
90546
90547
90548
90549
90550
90551
90552
90553
90554
90555
90556
90557
90558
90559
90560
90561
90562
90563
90564
90565
90566
90567
90568
90569
90570
90571
90572
90573
90574
90575
90576
90577
90578
90579
90580
90581
90582
90583
90584
90585
90586
90587
90588
90589
90590
90591
90592
90593
90594
90595
90596
90597
90598
90599
90600
90601
90602
90603
90604
90605
90606
90607
90608
90609
90610
90611
90612
90613
90614
90615
90616
90617
90618
90619
90620
90621
90622
90623
90624
90625
90626
90627
90628
90629
90630
90631
90632
90633
90634
90635
90636
90637
90638
123398
123399
123400
123401
123402
123403
123404
123405
123406
123407
123408
123409
123410
123411
123412
123413
123414
123415
123416
123417
123418
123419
123420
123421
123422
123423
123424
123425
123426
57977
57978
57979
57980
57981
57982
57983
57984
57985
57986
57987
57988
57989
57990
57991
57992
57993
57994
57995
57996
57997
57998
57999
58000
58001
58002
58003
58004
58005
58006
58007
58008
58009
58010
58011
58012
58013
58014
58015
58016
58017
58018
58019
58020
58021
58022
58023
58024
58025
58026
58027
58028
58029
58030
58031
58032
58033
58034
58035
58036
58037
58038
58039
58040
58041
58042
58043
58044
58045
58046
58047
58048
58049
58050
58051
58052
58053
58054
58055
58056
58057
58058
58059
58060
58061
58062
58063
58064
58065
58066
58067
58068
58069
58070
58071
58072
58073
58074
58075
58076
58077
58078
58079
58080
58081
218528
218529
218530
317660
218531
218532
206262
218533
139079
218534
139080
218535
229598
139081
218536
139082
190177
218537
139083
218538
139084
218539
139085
218540
139086
218541
139087
206996
206997
206998
206999
218542
207000
139088
207001
207002
207003
207004
218543
260859
207005
139089
207006
207007
207008
207009
218544
207010
139090
207011
207012
253713
207013
207014
218545
207015
139091
207016
253714
248504
200506
218546
200507
139092
200508
200509
200510
253715
200511
218547
200512
139093
200513
200514
253716
200515
200516
218548
200517
200518
200519
253717
200520
200521
218549
200522
200523
327962
253718
156928
156929
156930
156931
156932
156933
156934
156935
156936
156937
156938
156939
156940
156941
156942
156943
156944
327963
156945
156946
156947
156948
156949
156950
156951
156952
156953
156954
156955
156956
156957
156958
156959
156960
156961
156962
156963
156964
156965
156966
156967
156968
156969
156970
156971
156972
156973
156974
156975
156976
156977
156978
156979
156980
156981
156982
156983
156984
156985
156986
156987
156988
156989
156990
156991
156992
156993
327965
156994
156995
156996
156997
156998
156999
253721
218553
327966
253722
218554
255344
255345
255346
255347
255348
255349
255350
255351
253723
255352
255353
255354
255355
255356
255357
218555
255358
285219
255359
255360
255361
255362
255363
255364
255365
255366
255367
255368
255369
255370
255371
255372
255373
253724
255374
255375
255376
255377
255378
255379
218556
248514
255380
255381
255382
255383
255384
255385
255386
255387
255388
255389
255390
255391
288166
288167
288168
288169
288170
288171
288172
288173
288174
288175
288176
288177
288178
288179
288180
288181
288182
288183
288184
288185
288186
288187
288188
288189
288190
288191
288192
288193
288194
288195
288196
288197
288198
288199
288200
288201
288202
288203
288204
288205
288206
288207
288208
288209
288210
288211
288212
288213
288214
288215
288216
288217
288218
288219
288220
288221
288222
288223
288224
222680
222681
218559
222683
222684
222685
222686
222687
222688
222689
222690
222691
222692
222693
222694
222695
222696
222697
222698
222699
222700
222701
222702
222703
222704
222705
222706
222707
222708
222709
222710
222711
218560
222713
222714
222715
222716
222717
222718
222719
222720
222721
222722
226629
226630
226631
226632
253729
226633
218561
226634
226635
226636
226637
253730
226638
218562
226639
226640
226641
285258
226642
253731
226643
218563
226644
157268
157269
157270
157271
157272
157273
157274
157275
157276
157277
157278
157279
157280
157281
157282
157283
157284
157285
157286
157287
157288
157289
157290
157291
157292
157293
157294
157295
157296
157297
157298
157299
157300
157301
157302
157303
157304
157305
91792
91793
91794
91795
91796
91797
91798
91799
91800
91801
91802
91803
91804
91805
91806
91807
91808
91809
124578
124579
124580
124581
124582
124583
124584
124585
124586
124587
124588
124589
124590
124591
124592
124593
124594
124595
124596
124597
124598
124599
124600
124601
124602
124603
124604
124605
124606
124607
124608
124609
124610
124611
124612
124613
124614
124615
124616
124617
124618
124619
124620
124621
124622
124623
124624
124625
124626
124627
124628
124629
124630
124631
124632
124633
124634
124635
124636
124637
122466
124638
124639
124640
124641
124642
124643
124644
124645
124646
124647
124648
124649
124650
124651
124652
124653
124654
124655
124656
124657
124658
124659
124660
124661
124662
124663
124664
124665
124666
124667
124668
124669
124670
124671
124672
124673
124674
124675
124676
124677
124678
124679
124680
124681
124682
124683
124684
124685
124686
124687
124688
124689
124690
124691
124692
124693
124694
124695
124696
124697
124698
124699
124700
124701
124702
124703
124704
139117
139118
253741
327986
253742
327987
253743
327988
253744
327989
253745
327990
253746
327991
253747
327992
327993
327994
327995
327996
327997
327998
327999
321730
321731
321732
321733
321734
321735
321736
321737
321738
321739
321740
321741
321742
321743
321744
321745
321746
321747
321748
321749
321750
321751
321752
321753
321754
321755
321756
321757
321758
321759
321760
321761
321762
321763
321764
321765
321766
321767
321768
321769
321770
321771
321772
321773
321774
321775
321776
321777
321778
321779
321780
321781
141741
141742
141743
327915
141744
141745
141746
141747
141748
256440
256441
256442
256443
256444
256445
141749
256446
256447
256448
129126
256449
256450
256451
256452
129127
256453
256454
256455
256456
129128
256457
256458
256459
256460
129129
256461
256462
129130
141750
129131
129132
129133
129134
129135
141751
129136
129137
129138
129139
129140
141752
129141
129142
129143
129144
129145
141753
129146
191015
191016
191017
191018
129147
191019
191020
191021
191022
129148
191023
191024
191025
191026
129149
191027
191028
191029
191030
129150
141754
191031
191032
191033
129151
191034
191035
191036
191037
191038
129152
191039
191040
191041
191042
129153
191043
191044
158285
158286
129154
158287
158288
158289
158290
129155
141755
158291
158292
158293
129156
158294
158295
158296
158297
129157
158298
158299
158300
158301
129158
158302
158303
158304
158305
129159
158306
158307
158308
158309
129160
158310
158311
158312
158313
129161
158314
158315
158316
158317
129162
158319
158320
158321
158322
129163
158324
158325
158326
158327
129164
158329
158330
158331
158332
129165
158334
158335
158336
158337
129166
158339
158340
158341
158342
129167
158344
158345
129168
125638
125639
125640
125641
125642
125643
125644
125645
125646
125647
125648
125649
125650
125651
125652
125653
125654
125655
125656
125657
125658
125659
125660
125661
125662
125663
125664
125665
125666
125667
125668
125669
289591
322454
322455
322456
322457
322458
322459
322460
322461
322462
322463
322464
322465
322466
322467
322468
322469
322470
322471
322472
322473
322474
322475
322476
322477
322478
322479
322480
322481
322482
322483
322484
322485
191468
191469
191470
191471
191472
191473
191474
191475
191476
191477
191478
191479
191480
191481
191482
191483
191484
191485
191486
191487
191488
191489
191490
191491
191492
191493
191494
191495
191496
191497
191498
191499
191500
191501
191502
191503
191504
125971
125972
125973
125974
125975
125976
125977
125978
125979
125980
125981
125982
125983
125984
125985
125986
125987
125988
125989
125990
125991
125992
125993
125994
125995
125996
125997
125998
125999
126000
126001
126002
126003
126004
126005
126006
126007
126008
126009
126010
126011
126012
126013
126014
126015
126016
126017
126018
126019
126020
126021
126022
126023
126024
126025
126026
126027
126028
126029
126030
126031
126032
126033
126034
126035
126036
126037
126038
126039
126040
126041
126042
126043
126044
126045
126046
126047
289996
289997
289998
289999
290000
290001
290002
290003
290004
290005
290006
290007
290008
290009
290010
290011
290012
290013
290014
290015
290016
290017
290018
290019
290020
290021
290022
290023
290024
290025
290026
290027
290028
290029
290030
290031
290032
290033
290034
290035
290036
290037
290038
290039
290040
290041
290042
290043
290044
290045
290046
290047
290048
290049
290050
290051
290052
290053
290054
290055
290056
290057
290058
290059
290060
290061
290062
290063
290064
290065
290066
290067
290068
290069
290070
290071
290072
290073
290074
290075
290076
290077
290078
290079
290080
290081
290082
290083
290084
290085
290086
290087
290088
290089
290090
290091
290092
290093
290094
290095
290096
290097
290098
290099
290100
290101
290102
290103
290104
290105
290106
290107
290108
290109
290110
290111
218527
285644
285645
285646
285647
285648
285649
285650
285651
285652
285653
285654
285655
285656
285657
285658
285659
285660
285661
285662
206261
285663
285664
285668
285669
28269
28270
28271
28272
28273
28274
28275
28276
28277
28278
28279
28280
28281
28282
28283
28284
28285
285693
225167
225168
155464
192357
192358
192359
155465
192360
192361
192362
192363
155466
192364
192365
192366
192367
155467
192368
192369
192370
192371
192372
192373
192374
192375
192376
192377
192378
192379
192380
192381
192382
192383
192384
192385
192386
192387
192388
192389
192390
192391
192392
192393
192394
192395
192396
192397
192398
192399
192400
192401
192402
192403
192404
192405
192406
192407
192408
192409
192410
192411
192412
192413
192414
192415
192416
192417
192418
192419
192420
192421
192422
192423
192424
192425
192426
192427
192428
192429
192430
192431
192432
192433
192434
192435
192436
192437
192438
192439
192440
192441
192442
192443
192444
192445
192446
192447
192448
192449
192450
192451
192452
192453
192454
192455
192456
192457
192458
192459
192460
192461
192462
192463
192464
192465
192466
192467
192468
192469
192470
192471
192472
192473
192474
192475
192476
192477
192478
192479
192480
192481
192482
192483
192484
192485
192486
192487
192488
192489
192490
192491
192492
192493
192494
192495
192496
192497
192498
192499
192500
192501
192502
192503
192504
192505
192506
192507
192508
192509
192510
192511
192512
192513
192514
192515
192516
192517
192518
192519
192520
192521
192522
192523
192524
192525
192526
192527
192528
192529
225175
323610
323611
323612
323613
323614
323615
323616
323617
323618
323619
323620
323621
323622
28711
28712
28713
323626
323627
28714
28715
28716
28717
28718
28719
28720
28721
28722
28723
28724
28725
28726
28727
28728
28729
323644
323645
28730
323647
28731
28732
28733
28734
28735
323653
28736
28737
28738
77355
28739
28740
28741
28742
77356
28743
28744
28745
28746
28755
28756
28757
28758
28759
28760
323673
28761
28762
28763
28764
28765
28766
28767
28768
28769
28770
28771
28772
28773
28774
28775
28776
28777
28778
28779
28780
323694
323695
28781
323697
323698
323699
28782
28783
28784
28785
28786
28787
28788
28789
28790
28791
28792
28793
28794
28795
28796
28797
28798
28799
28800
28801
28802
28803
28804
28805
28806
28807
28808
28809
28810
28811
28812
28813
28814
28815
28816
28817
28818
28819
28820
77370
225181
77374
77377
225182
77378
77379
77380
77381
77382
225183
77383
77388
225184
94470
94471
77393
94472
94473
94474
94475
94476
94477
94478
94479
94480
77395
94481
94482
94483
94484
94485
94486
94487
94488
94489
94490
94491
94492
94493
94494
28961
28962
28963
28964
28965
28966
28967
28968
28969
28970
28971
28972
28973
28974
28975
28976
28977
28978
28979
28980
28981
28982
28983
94511
94512
94513
94514
94515
94516
94517
94518
94519
94520
94521
94522
94523
94524
94525
94526
94527
94528
94529
94530
94531
94532
94533
94534
94535
94536
94537
94538
94539
94540
94541
94542
94543
94544
94545
94546
160083
160084
160085
160086
160087
160088
160089
160090
160091
160092
160093
160094
160095
160096
160097
160098
160099
160100
160101
160102
160103
160104
160105
160106
160107
160108
160109
160110
160111
225190
225191
225192
225193
225194
225195
225196
225197
225198
225199
62094
62095
62096
62097
62098
62099
62100
62101
62102
62103
62104
62105
62106
62107
62108
62109
62110
62111
62112
62113
62114
62115
62116
62117
62118
62119
62120
62121
62122
62123
62124
62125
62126
62127
62128
62129
62130
62131
62132
62133
62134
62135
62136
62137
62138
62139
62140
62141
62142
62143
62144
160541
160542
160543
160544
160545
160546
193367
193368
193369
193370
193371
193372
193373
193374
193375
193376
193377
193378
193379
193380
193381
193382
193383
193384
193385
193386
193387
193388
193389
193390
193391
193392
193393
193394
193395
193396
193397
193398
193399
193400
193401
193402
193403
193404
193405
193406
193407
193408
193409
193410
193411
193412
193413
193414
193415
193416
193417
193418
193419
193420
193421
193422
193423
193424
193425
193426
193427
193428
193429
193430
193431
193432
193433
193434
29595
29596
29597
29598
29599
29600
29601
29602
29603
29604
29605
29606
29607
29608
29609
29610
29611
29612
29613
29614
29615
29616
29617
29618
29619
29620
29621
29622
29623
29624
29625
29626
29627
29628
29629
29630
29631
29632
29633
29634
29635
29636
29637
29638
29639
29640
29641
29642
29643
29644
29645
29646
29647
29648
29649
29650
29651
29652
29653
29654
29655
29656
29657
29658
29659
29660
29661
29662
29663
29664
29665
29666
29667
29668
29669
29670
29671
29672
29673
29674
29675
29676
29677
29678
29679
29680
29681
29682
29683
128118
128119
128120
128121
128122
128123
233895
233896
233897
233898
233899
233900
233901
233902
233903
233904
233905
233906
233907
233908
233909
233910
233911
233912
233913
233914
161077
161078
161079
161080
161081
161082
161083
161084
161085
161086
161087
161088
161089
161090
161091
161092
161093
161094
161095
161096
161097
161098
161099
161100
161101
161102
161103
161104
161105
161106
161107
161108
161109
161110
161111
161112
161113
161114
161115
161116
161117
226645
226646
226647
226648
226649
226650
226651
226652
226653
226654
226655
226656
226657
226658
226659
226660
226661
226662
226663
226664
226665
226666
226667
226668
226669
226670
226671
226672
226673
226674
226675
226676
226677
226678
226679
226680
226681
226682
226683
226684
226685
226686
226687
226688
226689
226690
226691
226692
226693
226694
226695
253728
253475
253480
253483
194028
194029
194030
194031
194032
194033
194034
194035
194036
194037
194038
194039
194040
194041
194042
194043
194044
194045
194046
194047
194048
194049
194050
194051
194052
194053
194054
194055
194056
194057
194058
194059
194060
194061
194062
222639
222640
222641
222642
222643
222644
222645
194419
194420
194421
194422
194423
194424
194425
194426
194427
194428
194429
194430
194431
194432
194433
194434
194435
194436
194437
194438
194439
194440
194441
194442
194443
194444
194445
194446
194447
194448
194449
194450
194451
194452
194453
222647
222648
226623
222649
222650
222651
222652
227356
227357
123344
227358
227359
227360
227361
123345
227362
227363
227364
227365
123346
227366
240888
123347
123348
222653
30775
30776
30777
30778
30779
30780
30781
30782
30783
30784
30785
30786
30787
30788
30789
30790
30791
30792
30793
30794
30795
30796
30797
30798
30799
30800
30801
30802
30803
30804
30805
30806
30807
30808
30809
30810
30811
30812
30813
30814
30815
30816
30817
30818
30819
30820
30821
30822
30823
30824
30825
30826
30827
30828
30829
292974
292975
292976
292977
292978
292979
292980
292981
292982
292983
292984
292985
30833
30834
30835
30836
30837
30838
30839
30840
30841
30842
30843
30844
30845
30846
30847
30848
30849
30850
30851
30852
30853
30854
30855
30856
30857
30858
30859
30860
30861
30862
30863
30864
30865
30866
30867
30868
30869
30870
30871
30872
30873
30874
30875
30876
30877
30878
30879
30880
30881
30882
30883
30884
30885
30886
30887
30888
30889
30890
30891
30892
30893
30894
30895
30896
30897
30898
30899
30900
30901
30902
30903
30904
30905
30906
30907
30908
30909
30910
30911
30912
30913
30914
30915
30916
30917
30918
30919
30920
30921
30922
30923
30924
30925
30926
30927
30928
30929
30930
30931
30932
30933
30934
30935
30936
30937
30947
30948
30949
30950
30951
30952
30953
30954
30955
30956
30957
30958
30959
30960
30961
30962
30963
30964
30965
30966
30967
30968
30969
30970
30971
30972
30973
30974
30975
123387
123388
123389
175491
175492
222661
123390
175493
182006
123391
175494
182007
292998
175495
123392
182008
218550
240897
175496
123393
182009
225267
175497
123394
182010
222662
175498
123395
182011
175499
123396
182012
292999
329265
175500
123397
182013
240898
175501
182014
225268
175502
222663
175503
182016
175504
175505
240899
175506
225269
175507
222664
325966
325967
325968
325969
325970
325971
325972
325973
325974
325975
325976
325977
325978
325979
325980
325981
325982
325983
325984
325985
175510
175511
240900
175512
222665
253666
253667
175513
182026
253668
253719
175514
253669
175515
240901
248509
253670
175516
253671
175517
222666
253672
175518
182031
253673
175519
253674
175520
218551
253675
175521
253676
175522
222667
253677
175523
182036
253678
329266
175524
253679
175525
253680
175526
253681
175527
222668
253682
182041
253683
253684
175530
253685
175531
253686
253687
253688
253689
293006
175535
253690
175536
253691
253692
253693
253720
208103
253694
293007
175540
253695
175541
253696
253697
208107
253698
208108
253699
175545
218552
253700
175546
253701
253702
208112
253703
208113
253704
156011
175550
253705
175551
253706
253707
208117
253708
208118
156015
253709
156016
175555
253710
175556
253711
293448
253712
208122
227914
227915
227916
227917
208123
156020
227918
227919
227920
227921
156021
227922
175560
227923
227924
227925
227926
175561
227927
227928
227929
227930
227931
227932
208127
227933
227934
227935
227936
227937
156025
208128
227938
227939
227940
156026
227942
175565
227944
227945
227946
227947
175566
227949
227950
227951
227952
227953
227954
227955
208132
227957
227958
227959
227960
156030
227962
227963
227964
227965
227966
227967
227968
227969
227970
227971
156032
175571
227974
227975
227976
227977
175572
227979
227980
227981
227982
227983
227984
227985
227986
156035
227988
227989
227990
227991
227992
227993
227994
227995
227996
156037
175576
227999
228000
228001
228002
175577
228004
228005
228006
228007
228008
228009
228010
228011
156040
253732
253733
253734
253735
156042
175581
253736
175582
253737
253738
156045
253739
253740
195287
156047
195288
175586
195289
195290
195291
195292
175587
195293
195294
195295
195296
195297
195298
195299
156050
195300
195301
195302
195303
195304
195305
195306
195307
195308
156052
195309
195310
195311
195312
195313
195314
195315
195316
195317
195318
195319
195320
195321
195322
156055
195323
195324
253748
253749
260860
260861
260862
253750
260864
260865
260866
260867
253751
260869
260870
260871
260872
253752
260874
260875
260876
260877
253753
260879
260880
260881
260882
253754
260884
260885
260886
260887
253755
260889
260890
260891
260892
253756
260894
260895
260896
260897
253757
260899
260900
260901
260902
253758
260904
260905
260906
260907
253759
260909
260910
260911
260912
260913
253760
260915
260916
260917
260918
253761
260920
260921
260922
260923
253762
260925
260926
260927
260928
253763
260930
260931
260932
260933
253764
260935
260936
260937
253725
97398
97399
97400
97401
97402
97403
97404
97405
97406
97407
97408
97409
97410
97411
97412
97413
97414
97415
97416
97417
97418
97419
97420
97421
97422
97423
97424
97425
97426
97427
97428
97429
97430
97431
97432
253465
240935
253726
240936
218558
240940
253727
240941
196008
196009
196010
196011
196012
196013
196014
196015
196016
196017
196018
196019
196020
196021
196022
196023
196024
196025
196026
196027
196028
196029
196030
196031
196032
196033
196034
196035
196036
196037
196038
196039
196040
196041
196042
196043
196044
196045
196046
196047
196048
196049
196050
196051
196052
196053
196054
196055
196056
196057
196058
196059
196060
196061
196062
196063
196064
196065
196066
196067
196068
196069
196070
196071
196072
196073
196074
196075
196076
196077
196078
196079
196080
196081
196082
196083
196084
196085
196086
196087
196088
196089
196090
196091
196092
196093
196094
196095
196096
196097
196098
196099
196100
196101
196102
196103
196104
196105
196106
196107
196108
196109
196110
196111
196112
196113
292986
240883
292987
240884
292988
240885
292989
240886
292990
240887
292991
327232
327233
327234
327235
327236
327237
327238
327239
327240
327241
327242
327243
327244
327245
327246
327247
327248
327249
327250
327251
327252
327253
327254
327255
327256
327257
327258
327259
327260
327261
327262
327263
327264
327265
327266
327267
327268
327269
327270
327271
327272
327273
327274
327275
327276
293000
327278
327277
327279
327280
327282
327283
293001
327281
327284
293002
327288
327285
327290
327286
293003
327293
327294
327287
327289
293004
327291
327292
327295
327296
293005
327297
327298
327299
327300
327301
327302
327303
327304
327305
327306
327307
327308
327309
327310
327311
327312
327313
327314
327315
327316
327317
293008
293009
240905
293010
240906
293011
226626
293012
293013
240910
293014
240911
293015
293016
226627
293017
293018
240915
293019
240916
293020
293021
226628
293022
293023
240920
293024
240921
293025
293026
293027
293028
240925
293029
240926
293030
293031
293032
293033
240930
293034
240931
293035
240932
293036
293037
196395
293038
196396
196397
196398
196399
293039
196400
196401
196402
196403
293040
196404
196405
196406
196407
293041
196408
196409
196410
196411
293042
196412
196413
196414
196415
293043
196416
196417
196418
196419
293044
196420
196421
196422
196423
293045
196424
196425
196426
196427
293046
196428
196429
196430
196431
293047
196433
196434
196435
196436
293048
196438
196439
293049
240946
227941
293050
293051
293052
293053
293054
293055
293056
293057
293058
32666
32667
32668
32669
32670
32671
32672
32673
32674
32675
32676
32677
32678
32679
32680
32681
32682
32683
32684
32685
32686
32687
32688
32689
32690
32691
32692
32693
32694
32695
32696
32697
32698
32699
32700
32701
32702
32703
32704
32705
32706
32707
32708
32709
32710
32711
32712
32713
32714
32715
32716
32717
32718
32719
32720
32721
32722
32723
32724
32725
32726
32727
32728
32729
32730
32731
32732
32733
32734
32735
32736
32737
32738
32739
32740
32741
32742
32743
32744
32745
32746
32747
32748
32749
32750
32751
32752
32753
32754
32755
32756
39075
32758
32759
32760
32761
32762
32763
32764
32765
32766
32767
