512
1063
1822
2217
2288
3094
3292
4701
4998
5735
5768
6973
6970
8181
8255
12364
12367
16374
16432
20511
20572
21498
21500
23260
23288
23605
23623
24078
24148
25386
25383
27182
27248
27619
27610
28221
28286
28711
28984
29595
29684
30775
30976
31623
31650
32666
32796
33500
33529
34158
34191
34889
34956
36872
37043
37972
38003
39067
39078
39920
40190
40498
40863
41759
42467
43195
43192
43761
43811
44377
44528
45226
45223
46623
46755
47528
47851
48315
48326
49627
49662
50756
50886
52592
52691
54478
54622
55614
55626
56480
56516
57388
57471
57977
58098
60680
60726
61763
61780
62094
62145
66176
66542
67120
67154
67891
67952
69028
69049
69366
69359
69769
69960
70583
70558
71055
71134
71574
71880
72701
72698
73135
73107
76490
76540
76872
76856
77314
77421
77804
77880
79259
79256
80299
80393
80725
80770
81084
81345
81716
81717
82952
82995
84296
84486
84824
84835
85326
85431
86237
86276
86776
86904
87875
87904
89067
89068
89895
90639
91379
91466
91792
91810
94302
94548
96809
96959
97390
97433
101332
101340
102128
102156
102614
102663
102968
103057
103413
103726
104067
104134
104784
104811
105431
105509
106627
106658
107593
107779
108225
108265
108672
108746
109711
109733
110917
111022
112926
112931
113344
113623
114213
114214
115365
115442
115780
115777
116103
116167
117723
117726
118172
118556
120733
120839
121747
121938
122438
122469
122810
122878
123336
123427
124578
124712
125638
126048
127028
127028
128056
128133
128585
128650
129126
129169
129615
129608
132019
132088
132612
132729
134246
134281
134898
134966
135610
135838
136587
136638
137582
137759
138583
138638
139054
139119
139910
140147
140896
140812
141723
141759
143591
143630
145339
145395
146234
146261
147397
147481
148287
148278
149129
149247
150233
150236
151183
151233
151706
151703
152236
152334
153011
153032
153757
154040
154654
154981
155340
155484
155996
156056
156772
157545
158285
158346
159662
159710
160060
160112
160471
160547
161077
161118
162479
162545
163174
163205
164272
166437
167735
167765
168937
169024
169632
169952
170359
170477
172144
172385
172864
172865
173197
173289
173657
173636
174712
174838
175461
175590
176627
176631
177617
177696
181235
181239
181997
182269
183780
183954
184412
184452
184973
184981
185766
185805
186428
186572
187954
188236
190164
190233
191012
191103
191468
191899
192357
192530
192988
192998
193354
193444
194028
194063
194419
194454
195287
195325
196008
196440
197015
197233
198723
198725
199357
199390
200118
200174
200506
200616
201128
201158
201697
201698
202432
202802
203368
203344
204633
205267
206259
206523
206996
207017
207346
207379
207723
207726
208067
208133
208570
208596
210026
210155
211468
211752
212225
212519
212830
213120
213458
213910
214323
214463
215389
215534
215848
215886
217274
217342
217662
217799
218380
218680
219429
219770
220639
220670
222634
222966
223793
223814
224170
224220
225158
225292
226623
226696
227307
227367
227888
228013
229566
229705
230679
230676
231608
231952
232626
232744
233391
233399
233866
233951
234397
234401
234859
235101
236054
236080
237012
237337
237906
237944
238519
238579
239661
239737
240402
240443
240883
240947
242005
242339
243184
243250
244704
245005
247419
247408
248442
248772
249074
249093
249638
249668
250276
250331
250846
250949
251338
251338
251637
251953
252993
253765
254889
255643
256440
256565
257086
257089
260859
260953
261849
261818
263008
263043
264518
264603
265028
265187
266140
266143
267639
267736
268938
269042
269683
269727
271676
271714
272769
272865
274877
274874
275332
275356
275895
275920
276306
276366
276716
276730
277275
277272
278024
278085
278591
278644
279045
279084
279800
279882
280679
280793
283978
284145
285191
285694
286593
286625
287053
287054
288145
288225
288530
288531
289031
289083
289400
289592
289996
290112
290588
290633
291808
291805
292974
293059
293418
293449
295182
295254
296219
296241
296636
296653
297366
297719
298072
298138
299700
299990
300355
300424
301722
301818
303155
303605
305920
305955
306317
306327
306731
307446
307871
307915
308994
309022
310410
310449
310970
311064
311435
311460
312011
312293
312862
312899
313669
313687
314379
314465
315058
315127
315849
316000
316578
316599
317114
317180
317644
317708
318163
318210
320966
321095
321730
321804
322454
322486
323610
323700
324857
324860
325966
326083
327186
327318
327806
328590
328985
329743
330294
