201.5
801.0
1709.0
2254.0
3142.5
4458.5
4938.5
5405.5
6057.0
8222.0
9112.0
11751.0
12134.5
12722.0
12751.5
12989.5
13588.5
14236.5
15301.5
15891.5
16438.5
18238.0
18567.5
19152.0
19653.5
20606.0
21346.0
22039.5
22254.0
22467.5
23297.0
24004.0
25122.5
25885.0
26668.5
27222.5
27696.5
27894.0
28000.5
28279.0
28901.0
29657.0
30861.5
32668.0
33528.5
34457.5
34885.5
36434.5
36880.5
38243.5
38890.0
39118.0
39996.0
40807.0
41916.0
42293.0
43793.0
44484.0
44780.5
45259.0
46211.0
46674.5
47582.5
48105.0
50840.0
53462.0
54552.0
55708.5
56554.5
57487.5
57967.0
62117.0
65663.5
65788.5
67157.5
67350.0
67571.0
67920.0
69114.0
70346.5
71128.5
72069.0
73000.5
75868.0
76544.0
77015.5
77612.0
79197.0
80346.0
80739.5
81190.0
82471.5
84481.5
86204.5
86852.5
87702.5
87944.5
89193.0
89947.0
90193.0
90604.5
91426.0
91805.5
94501.5
97360.5
100652.0
101476.0
102219.5
102633.0
102856.0
103720.5
104132.0
104777.0
105589.5
106669.5
107626.5
108247.5
108709.5
110003.5
110959.0
113527.5
114274.0
115397.5
115726.0
116129.5
116431.0
118387.0
121312.5
122455.5
123643.0
124336.0
124596.0
125025.5
125469.5
126115.5
127662.5
128605.5
130465.0
132558.5
134596.5
135666.5
136783.0
137399.0
138619.5
139227.5
140003.0
141721.5
143625.0
145427.5
146354.5
147368.0
148016.5
149167.5
150239.5
151206.0
151751.5
152287.5
153968.5
154971.0
155405.5
156025.0
156976.0
157277.5
157870.5
158311.5
159093.0
159671.5
159945.5
160541.5
161099.0
162902.0
163316.5
164516.5
166230.0
166789.0
167494.0
168991.0
169741.0
170399.0
172248.0
173242.5
173435.5
174725.5
175991.5
177507.0
177655.0
181303.0
181986.5
182578.5
183043.5
184080.0
184726.5
185772.0
186503.5
187347.0
187678.5
187985.5
188223.0
189876.5
190139.5
191094.0
191496.5
192364.5
193396.5
194113.5
195317.5
196076.5
196439.0
197173.0
198346.5
199355.5
200020.0
200133.5
200822.5
201688.0
202433.0
203562.5
204800.0
206669.0
209343.0
211615.0
213126.0
213574.0
213866.0
214392.0
215280.0
215865.0
217313.0
217724.0
218448.5
218786.0
219608.0
220623.5
222716.0
223800.0
224270.5
225238.5
226405.5
226589.0
227442.0
227909.5
229636.0
230978.5
231347.5
231528.5
231968.5
232215.5
232719.5
233026.0
233521.0
234284.5
234985.0
236267.5
236892.0
237899.5
238632.0
239499.5
240132.5
240397.0
240873.5
241175.0
241985.5
242357.5
242860.0
243229.5
244788.0
247369.5
247673.5
247860.0
247958.0
248762.0
249749.5
250311.5
250867.5
251396.5
251487.0
251649.5
251914.5
253616.5
254015.5
255351.0
256083.5
257370.5
257915.5
258121.5
260888.5
261341.5
261542.5
261840.5
262251.5
262345.5
262428.5
263031.0
264523.0
265179.5
265719.0
266224.5
267758.0
269128.0
269355.5
269668.5
270934.0
271676.5
272833.0
275422.5
276346.0
276564.0
276788.0
278066.5
278168.5
278640.5
279178.0
279819.0
280596.0
284450.0
285395.5
286618.5
286984.0
288212.0
288322.5
289021.5
289760.5
290560.0
291361.5
293031.0
293437.0
294442.5
294658.0
295760.0
296613.0
297723.0
300074.0
300516.5
300768.5
301819.0
303450.0
305937.5
306348.0
306783.0
307234.5
307795.5
310477.0
310613.5
312005.0
314444.0
315234.5
315885.5
316610.5
316926.0
317156.0
317792.5
318178.0
321092.5
321405.0
321502.5
321678.0
322515.5
323613.5
324773.5
325669.5
325906.5
327282.5
327898.0
329095.5
330015.0
